{"eq_pressures": [["0.249863341672", "0.749590025017", "0.00054663331074"], ["0.249860655548", "0.749581966645", "0.000557377806122"], ["0.249857897091", "0.749573691274", "0.00056841163469"], ["0.249855063892", "0.749565191677", "0.000579744430727"], ["0.249852153448", "0.749556460345", "0.000591386207015"], ["0.249849163157", "0.749547489471", "0.000603347371876"], ["0.249846090313", "0.74953827094", "0.000615638747085"], ["0.249842932103", "0.74952879631", "0.000628271586686"], ["0.249839685601", "0.749519056802", "0.000641257596779"], ["0.249836347761", "0.749509043283", "0.000654608956318"], ["0.249832915415", "0.749498746246", "0.000668338338985"], ["0.249829385266", "0.749488155798", "0.000682458936203"], ["0.24982575388", "0.749477261639", "0.000696984481345"], ["0.249822017681", "0.749466053044", "0.000711929275223"], ["0.249818172947", "0.74945451884", "0.000727308212911"], ["0.249814215797", "0.749442647391", "0.000743136812001"], ["0.249810142189", "0.749430426568", "0.000759431242361"], ["0.249805947911", "0.749417843732", "0.000776208357487"], ["0.249801628568", "0.749404885704", "0.000793485727552"], ["0.249797179581", "0.749391538744", "0.000811281674238"], ["0.249792596173", "0.749377788519", "0.000829615307473"], ["0.249787873359", "0.749363620077", "0.000848506564176"], ["0.249783005938", "0.749349017813", "0.000867976249141"], ["0.24977798848", "0.749333965441", "0.000888046078177"], ["0.249772815319", "0.749318445957", "0.000908738723663"], ["0.249767480534", "0.749302441603", "0.000930077862642"], ["0.249761977943", "0.749285933829", "0.000952088227626"], ["0.249756301085", "0.749268903255", "0.000974795660285"], ["0.249750443208", "0.749251329624", "0.000998227168179"], ["0.249744397254", "0.749233191761", "0.00102241098475"], ["0.249738155842", "0.749214467525", "0.00104737663275"], ["0.249731711252", "0.749195133756", "0.00107315499137"], ["0.249725055408", "0.749175166225", "0.00109977836724"], ["0.249718179858", "0.749154539573", "0.00112728056961"], ["0.249711075753", "0.749133227258", "0.00115569698994"], ["0.249703733828", "0.749111201485", "0.00118506468624"], ["0.249696144382", "0.749088433146", "0.00121542247233"], ["0.249688297247", "0.749064891741", "0.00124681101259"], ["0.249680181769", "0.749040545308", "0.0012792729223"], ["0.249671786781", "0.749015360344", "0.00131285287407"], ["0.249663100572", "0.748989301717", "0.0013475977108"], ["0.249654110859", "0.748962332576", "0.00138355656553"], ["0.249644804753", "0.748934414259", "0.00142078098865"], ["0.249635168729", "0.748905506188", "0.001459325083"], ["0.249625188588", "0.748875565764", "0.00149924564744"], ["0.249614849418", "0.748844548253", "0.00154060232929"], ["0.249604135553", "0.74881240666", "0.00158345778653"], ["0.249593030535", "0.748779091605", "0.00162787786013"], ["0.249581517061", "0.748744551182", "0.00167393175751"], ["0.249569576938", "0.748708730814", "0.0017216922476"], ["0.249557191033", "0.748671573099", "0.00177123586862"], ["0.249544339213", "0.748633017638", "0.00182264314928"], ["0.249531000289", "0.748593000867", "0.00187599884435"], ["0.249517151954", "0.748551455861", "0.00193139218577"], ["0.249502770712", "0.748508312137", "0.0019889171503"], ["0.249487831814", "0.748463495441", "0.00204867274489"], ["0.249472309172", "0.748416927517", "0.00211076331115"], ["0.249456175287", "0.748368525862", "0.00217529885023"], ["0.249439401158", "0.748318203473", "0.00224239536963"], ["0.249421956187", "0.74826586856", "0.0023121752536"], ["0.249403808085", "0.748211424256", "0.00238476765874"], ["0.249384922766", "0.748154768297", "0.00246030893689"], ["0.249365264228", "0.748095792685", "0.00253894308712"], ["0.24934479444", "0.748034383321", "0.00262082223921"], ["0.249323473207", "0.747970419622", "0.00270610717084"], ["0.249301258035", "0.747903774104", "0.00279496786112"], ["0.249278103979", "0.747834311938", "0.00288758408328"], ["0.24925396349", "0.74776189047", "0.00298414603939"], ["0.24922878624", "0.74768635872", "0.00308485504048"], ["0.249202518941", "0.747607556823", "0.00318992423548"], ["0.249175105152", "0.747525315455", "0.00329957939285"], ["0.249146485065", "0.747439455196", "0.00341405973889"], ["0.249116595286", "0.747349785857", "0.00353361885734"], ["0.249085368586", "0.747256105759", "0.00365852565495"], ["0.24905273365", "0.747158200951", "0.00378906539831"], ["0.249018614793", "0.747055844379", "0.0039255408276"], ["0.248982931662", "0.746948794985", "0.00406827335329"], ["0.248945598914", "0.746836796743", "0.00421760434261"], ["0.248906525874", "0.746719577623", "0.00437389650277"], ["0.248865616158", "0.746596848473", "0.0045375353689"], ["0.248822767274", "0.746468301821", "0.00470893090508"], ["0.248777870193", "0.746333610579", "0.00488851922763"], ["0.248730808885", "0.746192426655", "0.00507676446063"], ["0.248681459816", "0.746044379449", "0.00527416073434"], ["0.248629691415", "0.745889074246", "0.00548123433835"], ["0.24857536349", "0.745726090469", "0.00569854604193"], ["0.248518326601", "0.745554979803", "0.00592669359534"], ["0.248458421393", "0.74537526418", "0.00616631442705"], ["0.248395477862", "0.745186433585", "0.00641808855269"], ["0.248329314572", "0.744987943715", "0.00668274171338"], ["0.248259737809", "0.744779213428", "0.00696104876202"], ["0.24818654067", "0.744559622011", "0.00725383731809"], ["0.248109502072", "0.744328506215", "0.0075619917128"], ["0.248028385688", "0.744085157064", "0.00788645724831"], ["0.247942938801", "0.743828816402", "0.00822824479678"], ["0.247852891058", "0.743558673175", "0.00858843576667"], ["0.247757953133", "0.7432738594", "0.0089681874661"], ["0.247657815276", "0.742973445829", "0.00936873889517"], ["0.24755214575", "0.742656437249", "0.00979141700151"], ["0.247440589141", "0.742321767423", "0.0102376434358"], ["0.247322764538", "0.741968293615", "0.0107089418467"], ["0.247198263561", "0.741594790683", "0.0112069457564"], ["0.247066648234", "0.741199944703", "0.0117334070624"], ["0.246927448697", "0.740782346091", "0.0122902052121"], ["0.246780160725", "0.740340482175", "0.0128793570999"], ["0.246624243065", "0.739872729195", "0.0135030277399"], ["0.246459114558", "0.739377343673", "0.014163541769"], ["0.246284151041", "0.738852453122", "0.0148633958372"], ["0.246098682014", "0.738296046042", "0.0156052719441"], ["0.245901987054", "0.737705961163", "0.0163920517832"], ["0.245693291962", "0.737079875885", "0.0172268321534"], ["0.245471764625", "0.736415293875", "0.0181129414995"], ["0.245236510589", "0.735709531768", "0.0190539576427"], ["0.244986568311", "0.734959704932", "0.0200537267569"], ["0.244720904089", "0.734162712267", "0.0211163836443"], ["0.24443840666", "0.733315219981", "0.0222463733589"], ["0.244137881447", "0.73241364434", "0.0234484742133"], ["0.243818044451", "0.731454133352", "0.0247278221973"], ["0.243477515796", "0.730432547387", "0.026089936817"], ["0.243114812914", "0.729344438741", "0.0275407483456"], ["0.242728343387", "0.728185030162", "0.0290866264501"], ["0.242316397468", "0.726949192404", "0.0307344101275"], ["0.241877140289", "0.725631420866", "0.0324914388448"], ["0.241408603818", "0.724225811453", "0.034365584729"], ["0.2409086786", "0.7227260358", "0.0363652855999"], ["0.240375105358", "0.721125316075", "0.0384995785665"], ["0.239805466542", "0.719416399625", "0.0407781338338"], ["0.239197177933", "0.717591533798", "0.0432112882699"], ["0.238547480455", "0.715642441364", "0.0458100781808"], ["0.237853432346", "0.713560297038", "0.048586270616"], ["0.237111901902", "0.711335705705", "0.0515523923939"], ["0.236319561029", "0.708958683087", "0.0547217558834"], ["0.235472879898", "0.706418639693", "0.0581084804096"], ["0.234568123006", "0.703704369017", "0.0617275079779"], ["0.233601347046", "0.700804041138", "0.0655946118166"], ["0.232568400987", "0.697705202962", "0.0697263960502"], ["0.231464928845", "0.694394786535", "0.0741402846205"], ["0.230286375652", "0.690859126955", "0.0788544973931"], ["0.229027997193", "0.687083991579", "0.0838880112278"], ["0.227684874084", "0.683054622252", "0.0892605036635"], ["0.226251930801", "0.678755792402", "0.0949922767974"], ["0.224723960267", "0.674171880801", "0.101104158932"], ["0.223095654588", "0.669286963764", "0.107617381648"], ["0.221361642461", "0.664084927384", "0.114553430154"], ["0.219516533724", "0.658549601172", "0.121933865104"], ["0.217554971368", "0.652664914104", "0.129780114528"], ["0.215471691201", "0.646415073604", "0.138113235194"], ["0.213261589122", "0.639784767366", "0.146953643513"], ["0.210919795726", "0.632759387178", "0.156320817096"], ["0.208441757689", "0.625325273067", "0.166232969244"], ["0.205823325027", "0.617469975082", "0.176706699891"], ["0.203060843015", "0.609182529044", "0.187756627941"], ["0.200151247169", "0.600453741506", "0.199395011325"], ["0.197092159385", "0.591276478156", "0.211631362459"], ["0.193881982983", "0.581645948949", "0.224472068068"], ["0.190519994172", "0.571559982515", "0.237920023314"], ["0.187006427265", "0.561019281795", "0.25197429094"], ["0.18334255089", "0.550027652671", "0.266629796439"], ["0.179530732461", "0.538592197382", "0.281877070157"], ["0.175574488344", "0.526723465031", "0.297702046625"], ["0.171478517431", "0.514435552292", "0.314085930278"], ["0.16724871621", "0.501746148629", "0.331005135162"], ["0.162892173962", "0.488676521885", "0.348431304154"], ["0.158417147268", "0.475251441805", "0.366331410927"], ["0.153833013676", "0.461499041029", "0.384667945295"], ["0.149150205014", "0.447450615043", "0.403399179943"], ["0.144380121501", "0.433140364503", "0.422479513996"], ["0.139535028387", "0.418605085162", "0.44185988645"], ["0.134627937384", "0.403883812151", "0.461488250465"], ["0.129672475544", "0.389017426632", "0.481310097824"], ["0.12468274458", "0.374048233741", "0.501269021678"], ["0.119673173757", "0.359019521272", "0.521307304971"], ["0.11465836956", "0.343975108681", "0.541366521759"], ["0.109652965284", "0.328958895853", "0.561388138862"], ["0.104671473509", "0.314014420526", "0.581314105966"], ["0.0997281441757", "0.299184432527", "0.601087423297"], ["0.094836830685", "0.284510492055", "0.62065267726"], ["0.090010866032", "0.270032598096", "0.639956535872"], ["0.0852629506485", "0.255788851946", "0.658948197406"], ["0.0806050531959", "0.241815159588", "0.677579787216"], ["0.0760483251765", "0.22814497553", "0.695806699294"], ["0.0716030298581", "0.214809089574", "0.713587880567"], ["0.0672784856668", "0.201835457", "0.730886057333"], ["0.0630830239015", "0.189249071704", "0.747667904394"], ["0.0590239603598", "0.17707188108", "0.763904158561"], ["0.055107580245", "0.165322740735", "0.77956967902"], ["0.0513391355441", "0.154017406632", "0.794643457824"], ["0.0477228539321", "0.143168561796", "0.809108584272"], ["0.0442619581527", "0.132785874458", "0.822952167389"], ["0.040958694764", "0.122876084292", "0.836165220944"], ["0.0378143710992", "0.113443113298", "0.848742515603"], ["0.0348293992857", "0.104488197857", "0.860682402857"], ["0.0320033461772", "0.0960100385315", "0.871986615291"], ["0.0293349880879", "0.0880049642636", "0.882660047649"], ["0.0268223692642", "0.0804671077925", "0.892710522943"], ["0.0244628630881", "0.0733885892644", "0.902148547648"], ["0.0222532350756", "0.0667597052268", "0.910987059698"], ["0.0201897068063", "0.0605691204188", "0.919241172775"], ["0.0182680200003", "0.0548040600008", "0.926927919999"], ["0.0164835000365", "0.0494505001094", "0.934065999854"]], "EA": -0.6, "reverse_rates": [["0.000387626796547", "2.62047821335", "0.0", "4.60487527704e-06", "0.0", "0.0"], ["0.000376506223004", "2.5190451336", "0.0", "4.4033203988e-06", "0.0", "0.0"], ["0.000365631398695", "2.42088251169", "0.0", "4.20927705021e-06", "0.0", "0.0"], ["0.000354998693771", "2.32590812151", "0.0", "4.02251821149e-06", "0.0", "0.0"], ["0.000344604497767", "2.23404112284", "0.0", "3.84282190752e-06", "0.0", "0.0"], ["0.000334445219952", "2.14520205367", "0.0", "3.66997114644e-06", "0.0", "0.0"], ["0.000324517289679", "2.05931282225", "0.0", "3.503753858e-06", "0.0", "0.0"], ["0.00031481715673", "1.97629669896", "0.0", "3.34396283155e-06", "0.0", "0.0"], ["0.000305341291662", "1.89607830794", "0.0", "3.19039565368e-06", "0.0", "0.0"], ["0.000296086186152", "1.81858361847", "0.0", "3.04285464563e-06", "0.0", "0.0"], ["0.000287048353333", "1.74373993621", "0.0", "2.90114680038e-06", "0.0", "0.0"], ["0.000278224328141", "1.67147589411", "0.0", "2.76508371952e-06", "0.0", "0.0"], ["0.000269610667642", "1.60172144321", "0.0", "2.6344815499e-06", "0.0", "0.0"], ["0.000261203951375", "1.53440784319", "0.0", "2.50916091999e-06", "0.0", "0.0"], ["0.000253000781676", "1.46946765267", "0.0", "2.38894687622e-06", "0.0", "0.0"], ["0.000244997784011", "1.40683471936", "0.0", "2.27366881896e-06", "0.0", "0.0"], ["0.000237191607304", "1.34644417001", "0.0", "2.16316043849e-06", "0.0", "0.0"], ["0.000229578924251", "1.2882324001", "0.0", "2.05725965083e-06", "0.0", "0.0"], ["0.00022215643165", "1.2321370634", "0.0", "1.95580853339e-06", "0.0", "0.0"], ["0.000214920850712", "1.17809706128", "0.0", "1.85865326066e-06", "0.0", "0.0"], ["0.000207868927372", "1.12605253189", "0.0", "1.76564403975e-06", "0.0", "0.0"], ["0.000200997432605", "1.0759448391", "0.0", "1.67663504591e-06", "0.0", "0.0"], ["0.000194303162725", "1.02771656126", "0.0", "1.59148435811e-06", "0.0", "0.0"], ["0.000187782939689", "0.981311479844", "0.0", "1.51005389454e-06", "0.0", "0.0"], ["0.000181433611399", "0.936674567826", "0.0", "1.43220934818e-06", "0.0", "0.0"], ["0.000175252051987", "0.89375197796", "0.0", "1.35782012243e-06", "0.0", "0.0"], ["0.000169235162112", "0.852491030852", "0.0", "1.28675926679e-06", "0.0", "0.0"], ["0.000163379869241", "0.812840202884", "0.0", "1.21890341272e-06", "0.0", "0.0"], ["0.00015768312793", "0.774749113975", "0.0", "1.15413270946e-06", "0.0", "0.0"], ["0.0001521419201", "0.738168515191", "0.0", "1.09233076019e-06", "0.0", "0.0"], ["0.000146753255307", "0.703050276204", "0.0", "1.03338455817e-06", "0.0", "0.0"], ["0.000141514171008", "0.669347372602", "0.0", "9.77184423213e-07", "0.0", "0.0"], ["0.000136421732819", "0.637013873067", "0.0", "9.23623938296e-07", "0.0", "0.0"], ["0.000131473034775", "0.606004926411", "0.0", "8.72599886389e-07", "0.0", "0.0"], ["0.000126665199575", "0.576276748489", "0.0", "8.2401218758e-07", "0.0", "0.0"], ["0.000121995378826", "0.547786608976", "0.0", "7.77763836447e-07", "0.0", "0.0"], ["0.000117460753285", "0.520492818036", "0.0", "7.33760839731e-07", "0.0", "0.0"], ["0.000113058533087", "0.494354712871", "0.0", "6.91912154328e-07", "0.0", "0.0"], ["0.000108785957973", "0.469332644161", "0.0", "6.52129625616e-07", "0.0", "0.0"], ["0.000104640297508", "0.445387962401", "0.0", "6.14327926135e-07", "0.0", "0.0"], ["0.000100618851299", "0.422483004141", "0.0", "5.78424494657e-07", "0.0", "0.0"], ["9.67189491974e-05", "0.400581078132", "0.0", "5.44339475644e-07", "0.0", "0.0"], ["9.29379514997e-05", "0.37964645139", "0.0", "5.1199565913e-07", "0.0", "0.0"], ["8.92732491437e-05", "0.359644335173", "0.0", "4.81318421043e-07", "0.0", "0.0"], ["8.5722263893e-05", "0.340540870887", "0.0", "4.52235663977e-07", "0.0", "0.0"], ["8.22824485172e-05", "0.322303115925", "0.0", "4.24677758453e-07", "0.0", "0.0"], ["7.8951286964e-05", "0.30489902944", "0.0", "3.98577484666e-07", "0.0", "0.0"], ["7.57262945243e-05", "0.288297458065", "0.0", "3.73869974749e-07", "0.0", "0.0"], ["7.26050179895e-05", "0.272468121577", "0.0", "3.50492655576e-07", "0.0", "0.0"], ["6.95850358015e-05", "0.257381598523", "0.0", "3.28385192101e-07", "0.0", "0.0"], ["6.66639581944e-05", "0.243009311809", "0.0", "3.0748943128e-07", "0.0", "0.0"], ["6.38394273292e-05", "0.229323514249", "0.0", "2.87749346565e-07", "0.0", "0.0"], ["6.11091174195e-05", "0.216297274097", "0.0", "2.69110983007e-07", "0.0", "0.0"], ["5.84707348497e-05", "0.20390446056", "0.0", "2.51522402968e-07", "0.0", "0.0"], ["5.59220182844e-05", "0.192119729293", "0.0", "2.34933632475e-07", "0.0", "0.0"], ["5.34607387697e-05", "0.180918507896", "0.0", "2.19296608206e-07", "0.0", "0.0"], ["5.10846998263e-05", "0.170276981404", "0.0", "2.04565125156e-07", "0.0", "0.0"], ["4.87917375324e-05", "0.16017207779", "0.0", "1.90694784962e-07", "0.0", "0.0"], ["4.65797205998e-05", "0.150581453478", "0.0", "1.77642944926e-07", "0.0", "0.0"], ["4.44465504391e-05", "0.141483478882", "0.0", "1.65368667739e-07", "0.0", "0.0"], ["4.23901612171e-05", "0.13285722396", "0.0", "1.53832671916e-07", "0.0", "0.0"], ["4.0408519904e-05", "0.124682443819", "0.0", "1.42997282961e-07", "0.0", "0.0"], ["3.84996263116e-05", "0.116939564337", "0.0", "1.32826385264e-07", "0.0", "0.0"], ["3.66615131217e-05", "0.109609667854", "0.0", "1.23285374751e-07", "0.0", "0.0"], ["3.48922459044e-05", "0.1026744789", "0.0", "1.14341112292e-07", "0.0", "0.0"], ["3.31899231268e-05", "0.0961163499844", "0.0", "1.05961877869e-07", "0.0", "0.0"], ["3.15526761514e-05", "0.0899182474576", "0.0", "9.81173255287e-08", "0.0", "0.0"], ["2.99786692233e-05", "0.0840637374354", "0.0", "9.07784391136e-08", "0.0", "0.0"], ["2.84660994478e-05", "0.0785369718056", "0.0", "8.39174887892e-08", "0.0", "0.0"], ["2.70131967558e-05", "0.0733226743172", "0.0", "7.75079883659e-08", "0.0", "0.0"], ["2.56182238591e-05", "0.0684061267593", "0.0", "7.15246534278e-08", "0.0", "0.0"], ["2.4279476193e-05", "0.0637731552356", "0.0", "6.59433602713e-08", "0.0", "0.0"], ["2.29952818476e-05", "0.0594101165408", "0.0", "6.07411056591e-08", "0.0", "0.0"], ["2.17640014864e-05", "0.055303884644", "0.0", "5.58959673941e-08", "0.0", "0.0"], ["2.05840282519e-05", "0.051441837286", "0.0", "5.13870657155e-08", "0.0", "0.0"], ["1.94537876585e-05", "0.047811842694", "0.0", "4.7194525522e-08", "0.0", "0.0"], ["1.83717374707e-05", "0.044402246422", "0.0", "4.32994394229e-08", "0.0", "0.0"], ["1.73363675676e-05", "0.041201858319", "0.0", "3.96838316194e-08", "0.0", "0.0"], ["1.63461997915e-05", "0.0381999396339", "0.0", "3.63306226168e-08", "0.0", "0.0"], ["1.53997877813e-05", "0.0353861902583", "0.0", "3.32235947677e-08", "0.0", "0.0"], ["1.44957167886e-05", "0.0327507361154", "0.0", "3.03473586474e-08", "0.0", "0.0"], ["1.3632603477e-05", "0.0302841166982", "0.0", "2.7687320258e-08", "0.0", "0.0"], ["1.2809095702e-05", "0.0279772727613", "0.0", "2.52296490626e-08", "0.0", "0.0"], ["1.20238722718e-05", "0.0258215341728", "0.0", "2.29612468445e-08", "0.0", "0.0"], ["1.12756426876e-05", "0.0238086079281", "0.0", "2.0869717392e-08", "0.0", "0.0"], ["1.05631468615e-05", "0.0219305663318", "0.0", "1.8943337002e-08", "0.0", "0.0"], ["9.88515481141e-06", "0.0201798353507", "0.0", "1.71710258022e-08", "0.0", "0.0"], ["9.24046633169e-06", "0.0185491831427", "0.0", "1.55423198842e-08", "0.0", "0.0"], ["8.62791063741e-06", "0.0170317087638", "0.0", "1.40473442454e-08", "0.0", "0.0"], ["8.04634598153e-06", "0.0156208310587", "0.0", "1.26767865332e-08", "0.0", "0.0"], ["7.49465924318e-06", "0.0143102777375", "0.0", "1.14218715849e-08", "0.0", "0.0"], ["6.97176548576e-06", "0.0130940746413", "0.0", "1.02743367595e-08", "0.0", "0.0"], ["6.47660748342e-06", "0.0119665352012", "0.0", "9.22640805267e-09", "0.0", "0.0"], ["6.00815521481e-06", "0.0109222500923", "0.0", "8.27077698878e-09", "0.0", "0.0"], ["5.56540532302e-06", "0.00995607708747", "0.0", "7.40057828312e-09", "0.0", "0.0"], ["5.14738054099e-06", "0.009063131112", "0.0", "6.60936826593e-09", "0.0", "0.0"], ["4.75312908197e-06", "0.00823877450283", "0.0", "5.89110406079e-09", "0.0", "0.0"], ["4.38172399525e-06", "0.00747860747525", "0.0", "5.240123509e-09", "0.0", "0.0"], ["4.03226248778e-06", "0.00677845879946", "0.0", "4.65112583137e-09", "0.0", "0.0"], ["3.70386521324e-06", "0.00613437668975", "0.0", "4.11915301855e-09", "0.0", "0.0"], ["3.39567553098e-06", "0.00554261990916", "0.0", "3.63957194065e-09", "0.0", "0.0"], ["3.10685873826e-06", "0.00499964909238", "0.0", "3.20805716657e-09", "0.0", "0.0"], ["2.83660128077e-06", "0.00450211828957", "0.0", "2.82057448288e-09", "0.0", "0.0"], ["2.58410994746e-06", "0.00404686673413", "0.0", "2.47336510172e-09", "0.0", "0.0"], ["2.34861105782e-06", "0.00363091083748", "0.0", "2.1629305466e-09", "0.0", "0.0"], ["2.12934965121e-06", "0.00325143641372", "0.0", "1.88601820393e-09", "0.0", "0.0"], ["1.92558869002e-06", "0.00290579113763", "0.0", "1.63960752781e-09", "0.0", "0.0"], ["1.73660829035e-06", "0.00259147723922", "0.0", "1.42089688412e-09", "0.0", "0.0"], ["1.56170499617e-06", "0.00230614443823", "0.0", "1.22729101896e-09", "0.0", "0.0"], ["1.40019111473e-06", "0.00204758312209", "0.0", "1.05638913531e-09", "0.0", "0.0"], ["1.25139413316e-06", "0.00181371777085", "0.0", "9.059735599e-10", "0.0", "0.0"], ["1.11465623736e-06", "0.00160260063236", "0.0", "7.73998980986e-10", "0.0", "0.0"], ["9.89333955755e-07", "0.00141240565093", "0.0", "6.58582235404e-10", "0.0", "0.0"], ["8.74797950129e-07", "0.00124142265209", "0.0", "5.57992621533e-10", "0.0", "0.0"], ["7.70432975193e-07", "0.00108805178513", "0.0", "4.70642712181e-10", "0.0", "0.0"], ["6.75638025161e-07", "0.00095079822374", "0.0", "3.95079638886e-10", "0.0", "0.0"], ["5.89826680236e-07", "0.000828267122394", "0.0", "3.29976816056e-10", "0.0", "0.0"], ["5.12427656204e-07", "0.000719158822054", "0.0", "2.74126069792e-10", "0.0", "0.0"], ["4.42885545185e-07", "0.000622264292388", "0.0", "2.26430132006e-10", "0.0", "0.0"], ["3.806617129e-07", "0.000536460787968", "0.0", "1.85895455483e-10", "0.0", "0.0"], ["3.25235285849e-07", "0.000460707682103", "0.0", "1.51625300216e-10", "0.0", "0.0"], ["2.76104120194e-07", "0.000394042423884", "0.0", "1.22813036686e-10", "0.0", "0.0"], ["2.32785596753e-07", "0.00033557654313", "0.0", "9.87356104533e-11", "0.0", "0.0"], ["1.94817044692e-07", "0.00028449160948", "0.0", "7.87471189209e-11", "0.0", "0.0"], ["1.61755583403e-07", "0.000240035045986", "0.0", "6.22724720375e-11", "0.0", "0.0"], ["1.33177222181e-07", "0.00020151571936", "0.0", "4.8801150256e-11", "0.0", "0.0"], ["1.08675204813e-07", "0.000168299293657", "0.0", "3.78811359005e-11", "0.0", "0.0"], ["8.78578382802e-08", "0.000139803445038", "0.0", "2.91131656411e-11", "0.0", "0.0"], ["7.03463450161e-08", "0.000115493169383", "0.0", "2.21455016161e-11", "0.0", "0.0"], ["5.57734944036e-08", "9.48765174753e-05", "0.0", "1.66694067875e-11", "0.0", "0.0"], ["4.37837412474e-08", "7.75010978719e-05", "0.0", "1.24154117313e-11", "0.0", "0.0"], ["3.40352483818e-08", "6.29515606587e-05", "0.0", "9.15029493789e-12", "0.0", "0.0"], ["2.6203593997e-08", "5.08480490984e-05", "0.0", "6.67453493675e-12", "0.0", "0.0"], ["1.99864097449e-08", "4.08453732176e-05", "0.0", "4.81991033625e-12", "0.0", "0.0"], ["1.51079133104e-08", "3.26325165181e-05", "0.0", "3.44696232123e-12", "0.0", "0.0"], ["1.13223850638e-08", "2.59320782015e-05", "0.0", "2.44216697977e-12", "0.0", "0.0"], ["8.41599954514e-09", "2.04993550507e-05", "0.0", "1.71482378181e-12", "0.0", "0.0"], ["6.20686831583e-09", "1.6120918003e-05", "0.0", "1.19378732333e-12", "0.0", "0.0"], ["4.54351475155e-09", "1.2612679662e-05", "0.0", "8.24222378856e-13", "0.0", "0.0"], ["3.30220598847e-09", "9.8175472506e-06", "0.0", "5.64553319907e-13", "0.0", "0.0"], ["2.3836179608e-09", "7.60280401761e-06", "0.0", "3.83732732264e-13", "0.0", "0.0"], ["1.70925532377e-09", "5.857370236e-06", "0.0", "2.58896454208e-13", "0.0", "0.0"], ["1.21794434482e-09", "4.48907742359e-06", "0.0", "1.73420908879e-13", "0.0", "0.0"], ["8.62605200167e-10", "3.42205971263e-06", "0.0", "1.15361508945e-13", "0.0", "0.0"], ["6.07413979448e-10", "2.59433397552e-06", "0.0", "7.62290208923e-14", "0.0", "0.0"], ["4.25392906271e-10", "1.95561098927e-06", "0.0", "5.00513742393e-14", "0.0", "0.0"], ["2.96419717039e-10", "1.46535614648e-06", "0.0", "3.26676545775e-14", "0.0", "0.0"], ["2.05619521088e-10", "1.09110057293e-06", "0.0", "2.1205394709e-14", "0.0", "0.0"], ["1.42089401614e-10", "8.06991475694e-07", "0.0", "1.36990922033e-14", "0.0", "0.0"], ["9.79025818093e-11", "5.92563130487e-07", "0.0", "8.8153566562e-15", "0.0", "0.0"], ["6.73413044307e-11", "4.31706027369e-07", "0.0", "5.65719045326e-15", "0.0", "0.0"], ["4.63129041477e-11", "3.11810328731e-07", "0.0", "3.62612494169e-15", "0.0", "0.0"], ["3.19100853988e-11", "2.2306012317e-07", "0.0", "2.32609730789e-15", "0.0", "0.0"], ["2.20830616631e-11", "1.57856347215e-07", "0.0", "1.49708164637e-15", "0.0", "0.0"], ["1.53973671595e-11", "1.10348229704e-07", "0.0", "9.69695080976e-16", "0.0", "0.0"], ["1.08565425261e-11", "7.6055371253e-08", "0.0", "6.34435975613e-16", "0.0", "0.0"], ["7.77344139172e-12", "5.15648937279e-08", "0.0", "4.21027598943e-16", "0.0", "0.0"], ["5.67763489896e-12", "3.42903485175e-08", "0.0", "2.84673583577e-16", "0.0", "0.0"], ["4.24939235508e-12", "2.22811678747e-08", "0.0", "1.96996353951e-16", "0.0", "0.0"], ["3.27309935026e-12", "1.40733029983e-08", "0.0", "1.40119526769e-16", "0.0", "0.0"], ["2.60486589932e-12", "8.57322528828e-09", "0.0", "1.02843372867e-16", "0.0", "0.0"], ["2.15064534672e-12", "4.96855207848e-09", "0.0", "7.82061686993e-17", "0.0", "0.0"], ["1.85280994261e-12", "2.65895316808e-09", "0.0", "6.19726646679e-17", "0.0", "0.0"], ["1.68642134001e-12", "1.1995119031e-09", "0.0", "5.1812415295e-17", "0.0", "0.0"], ["1.68257497929e-12", "2.35470154399e-10", "0.0", "4.74162344362e-17", "0.0", "0.0"], ["1.26455758244e-12", "7.87591956458e-12", "0.0", "3.26397734272e-17", "0.0", "0.0"], ["8.22630590587e-13", "2.372022848e-12", "0.0", "1.9418886452e-17", "0.0", "0.0"], ["5.30142943272e-13", "8.53460525661e-13", "0.0", "1.14277820243e-17", "0.0", "0.0"], ["3.38897393544e-13", "3.23406629302e-13", "0.0", "6.66052063222e-18", "0.0", "0.0"], ["2.14922902038e-13", "1.2470634079e-13", "0.0", "3.84500992541e-18", "0.0", "0.0"], ["1.35206748111e-13", "4.82266731166e-14", "0.0", "2.19823195088e-18", "0.0", "0.0"], ["8.43621585885e-14", "1.85629482584e-14", "0.0", "1.24437091278e-18", "0.0", "0.0"], ["5.21974564972e-14", "7.07958839651e-15", "0.0", "6.97309486282e-19", "0.0", "0.0"], ["3.20194407636e-14", "2.66745450146e-15", "0.0", "3.86714795519e-19", "0.0", "0.0"], ["1.94690691783e-14", "9.90892992802e-16", "0.0", "2.12191880529e-19", "0.0", "0.0"], ["1.17312103742e-14", "3.62360830625e-16", "0.0", "1.15164024798e-19", "0.0", "0.0"], ["7.00327266066e-15", "1.30295169256e-16", "0.0", "6.18054517965e-20", "0.0", "0.0"], ["4.14104157335e-15", "4.60221423378e-17", "0.0", "3.27887551274e-20", "0.0", "0.0"], ["2.42467549542e-15", "1.59548703772e-17", "0.0", "1.71898490281e-20", "0.0", "0.0"], ["1.40544400172e-15", "5.42475087656e-18", "0.0", "8.90273284198e-21", "0.0", "0.0"], ["8.06241055e-16", "1.80767097591e-18", "0.0", "4.55331908467e-21", "0.0", "0.0"], ["4.57591788773e-16", "5.89950735103e-19", "0.0", "2.29895019391e-21", "0.0", "0.0"], ["2.56873175247e-16", "1.88441361171e-19", "0.0", "1.14541991551e-21", "0.0", "0.0"], ["1.42575959419e-16", "5.88717365578e-20", "0.0", "5.62942398993e-22", "0.0", "0.0"], ["7.82194850755e-17", "1.79766461456e-20", "0.0", "2.72804000222e-22", "0.0", "0.0"], ["4.24006785798e-17", "5.36136336182e-21", "0.0", "1.30299072165e-22", "0.0", "0.0"], ["2.2701873652e-17", "1.56059634291e-21", "0.0", "6.13118517453e-23", "0.0", "0.0"], ["1.20009852173e-17", "4.43024404112e-22", "0.0", "2.84093197118e-23", "0.0", "0.0"], ["6.26133245236e-18", "1.22559518261e-22", "0.0", "1.29563587157e-23", "0.0", "0.0"], ["3.22279291396e-18", "3.30138312134e-23", "0.0", "5.81292202141e-24", "0.0", "0.0"], ["1.63578903225e-18", "8.65181032658e-24", "0.0", "2.56430628061e-24", "0.0", "0.0"], ["8.18383556579e-19", "2.20392852408e-24", "0.0", "1.11166497282e-24", "0.0", "0.0"], ["4.03383573638e-19", "5.45215715025e-25", "0.0", "4.73326824189e-25", "0.0", "0.0"], ["1.95793975731e-19", "1.30858852806e-25", "0.0", "1.97822303323e-25", "0.0", "0.0"], ["9.35360301123e-20", "3.04415611194e-26", "0.0", "8.11052078386e-26", "0.0", "0.0"], ["4.39567732448e-20", "6.85654884967e-27", "0.0", "3.25988285908e-26", "0.0", "0.0"], ["2.03094531544e-20", "1.49363444707e-27", "0.0", "1.28363857142e-26", "0.0", "0.0"], ["9.22026549291e-21", "3.1433062954e-28", "0.0", "4.94840672424e-27", "0.0", "0.0"], ["4.11052124583e-21", "6.38283021296e-29", "0.0", "1.86616514586e-27", "0.0", "0.0"], ["1.79838117172e-21", "1.24905150662e-29", "0.0", "6.87958138745e-28", "0.0", "0.0"]], "pressures": [["0.249861060422871098293333", "0.000002281435062835924714210023", "0.7495900255738017504966951", "0.0005466325682642955767624913", "0.0"], ["0.2498584657836145475307135", "0.000002189915828449900318223113", "0.7495819670983288883281603", "0.0005573772022280907804763815", "0.0"], ["0.2498557957455639341201364", "0.000002101461136285398626307404", "0.7495736916201006585689315", "0.0005684111731991805833881049", "0.0"], ["0.2498530479798549817580743", "0.000002015991213268987583189703", "0.7495651919132047522369726", "0.0005797441157269680529880645", "0.0"], ["0.2498502200616275074700317", "0.000001933427654648570712764428", "0.7495564604678465196141209", "0.0005913860428713835073605624", "0.0"], ["0.2498473094657696076261704", "0.000001853693417902054537732544", "0.7495474894775623752129745", "0.0006033473632499768649601555", "0.0"], ["0.2498443135624466950620365", "0.000001776712816339440771665593", "0.7495382708257892056788732", "0.0006156388989478622435175159", "0.0"], ["0.2498412296124028953667296", "0.000001702411512400377026287839", "0.7495287960717458873306381", "0.0006282719043388210978956106", "0.0"], ["0.2498380547620221151236749", "0.000001630716510649706960280369", "0.7495190564355982945914262", "0.0006412580858689269285717117", "0.0"], ["0.2498347860381352437880313", "0.000001561556150473530473832875", "0.7495090427828571013945053", "0.000654609622857152688152852", "0.0"], ["0.2498314203425588272191353", "0.000001494860098478497926719674", "0.7494987456079718164938524", "0.0006683391893708389630537207", "0.0"], ["0.2498279544463500467301448", "0.000001430559340597384159792134", "0.749488155017071882099788", "0.0006824599772374743621285219", "0.0"], ["0.2498243849837615411275437", "0.000001368586173903956450143309", "0.7494772607098063353007741", "0.0006969857202580992374367411", "0.0"], ["0.2498207084458789254095806", "0.000001308874198140555446410235", "0.7494660519602310984413183", "0.0007119307196917579557535762", "0.0"], ["0.2498169211739218552686678", "0.000001251358306961785098383629", "0.7494545175966864015774152", "0.0007273098710847569463006592", "0.0"], ["0.2498130193521902832932702", "0.000001195974678898081958760276", "0.749442645980607445343696", "0.0007431386925232494322336256", "0.0"], ["0.2498089990006338126078739", "0.000001142660768042964403840384", "0.7494304249842055174363222", "0.000759433354392603967915502", "0.0"], ["0.2498048559670224374764508", "0.000001091355294468078377939095", "0.7494178419669506185171134", "0.0007762107107323915726734699", "0.0"], ["0.2498005859186952369954897", "0.000001041998234370197330456775", "0.7494048837507887727594113", "0.0007934883322815456762793154", "0.0"], ["0.2497961843338614399361494", "0.0000009945308099546912289426135", "0.7493915365940141839293862", "0.0008112845413143849390770423", "0.0"], ["0.2497916464924272895149998", "0.0000009488954790600021803146716", "0.7493777861637190000023824", "0.000829618448374683343727297", "0.0"], ["0.249786967466319949061532", "0.0000009050359245279308263182905", "0.7493636175067333825641142", "0.0008485099910220532749630985", "0.0"], ["0.249782142109278597787607", "0.0000008628970433247354685412192", "0.7493490150189657194313222", "0.0008679799747123424138136785", "0.0"], ["0.2497771650460791253435742", "0.0000008224249354181455576927999", "0.7493339624130436304205645", "0.0008880501159418368799864338", "0.0"], ["0.2497720306611591839885622", "0.0000007835668924156627256221612", "0.7493184426841547034115257", "0.0009087430877936068301654124", "0.0"], ["0.2497667330866056593230734", "0.0000007462713859696408347741954", "0.7493024380739746965364006", "0.0009300825680336408599938798", "0.0"], ["0.2497612661894655307067689", "0.0000007104880559548070213104751", "0.7492859300325643616358369", "0.0009520932899141902081644618", "0.0"], ["0.2497556235583384669927355", "0.0000006761676984241330447225878", "0.749268899178110531612333", "0.0009748010958524693969837299", "0.0"], ["0.249749798489205619072532", "0.0000006432622533490227053943743", "0.7492513252543769043771871", "0.0009982329941641237594146248", "0.0"], ["0.249743783970447074869324", "0.0000006117247921500721726463547", "0.7492331870857175811977403", "0.001022417219043128008582034", "0.0"], ["0.2497375726669967595051222", "0.0000005815095050247133455394022", "0.7492144625295053526553782", "0.001047383293992872921295331", "0.0"], ["0.2497311569035801124527377", "0.0000005525716880783199721481727", "0.7491951284258045723181293", "0.001073162098927241907192608", "0.0"], ["0.2497245286469758536200052", "0.0000005248677302654140821374509", "0.749175160544118264387713", "0.001099785941175543021588037", "0.0"], ["0.2497176794872395139660996", "0.0000004983551001478697965665423", "0.7491545335270188933604183", "0.001127288630641449689563164", "0.0"], ["0.2497106006178216542049348", "0.0000004729923324770557227493376", "0.7491332208304623936025644", "0.001155705559383444159808178", "0.0"], ["0.2497032828145096229493849", "0.0000004487390146071488060910165", "0.7491111946605726902953502", "0.001185073785903035277280507", "0.0"], ["0.2496957164131154643398924", "0.000000425555772746807963351687", "0.7490884259066646791156305", "0.001215432124447126281892755", "0.0"], ["0.2496878912858288120554178", "0.0000004034042580567678653676862", "0.7490648840702605156792629", "0.001246821239652591821899935", "0.0"], ["0.249679796816146301573365", "0.0000003822471326008349168082527", "0.749040537189836797748368", "0.001279283746884346813593184", "0.0"], ["0.249671421872284022609388", "0.0000003620480551580656292173215", "0.7490153517610174969884083", "0.001312864318643345954235343", "0.0"], ["0.2496627547789711359510023", "0.0000003427716669039348853642733", "0.7489892926519140748914356", "0.001347609797447841770310329", "0.0"], ["0.2496537832875179480588501", "0.0000003243835769684970655875813", "0.7489623230132847050824184", "0.001383569315620309796501819", "0.0"], ["0.2496444945440411823888162", "0.0000003068503478796072771476159", "0.7489344041831670968332663", "0.001420794422443726678822208", "0.0"], ["0.2496348750557229644055155", "0.0000002901394808994441803561953", "0.7489054955856116799933925", "0.001459339219184573060881127", "0.0"], ["0.2496249106549696930056847", "0.0000002742194012626363290292973", "0.748875554623112867012226", "0.001499260502516180984764555", "0.0"], ["0.2496145864613278937905578", "0.0000002590594433244475460163753", "0.7488445365623135667492457", "0.001540617916915269340973346", "0.0"], ["0.249603886841002742850456", "0.0000002446298356275436170222609", "0.7488123944125150672480626", "0.001583474116646542261952526", "0.0"], ["0.2495927953638151402642078", "0.0000002309016858959955444055104", "0.7487790787965031085240014", "0.00162789493799578052773104", "0.0"], ["0.2495812947574188467694873", "0.0000002178469659652467833010851", "0.7487445378131543058281987", "0.001673949582460805043019142", "0.0"], ["0.2495693668585876909196138", "0.0000002054384966568652312086106", "0.7487087168912529571713805", "0.001721710811662653898552819", "0.0"], ["0.2495569925613683625577983", "0.000000193649932607010121527779", "0.7486715586339029084515929", "0.001771255154796144559457658", "0.0"], ["0.2495441517618777476592584", "0.0000001824557470575956333717543", "0.748633002652874373076937", "0.001822663129500756959344869", "0.0"], ["0.2495308232995086589669773", "0.0000001718312166192357612823598", "0.7485929853921757492607888", "0.001876019477098928191807092", "0.0"], ["0.2495169848942888535950963", "0.0000001617524060151312487785216", "0.7485514399400846063450193", "0.001931413413220537547207165", "0.0"], ["0.2495026130801197803908425", "0.000000152196152815114205923572", "0.7485082958288178707676915", "0.00198893889490963361039059", "0.0"], ["0.2494876831335996468068068", "0.0000001431400521691715071494501", "0.7484634788209553633430081", "0.002048694905392802638465752", "0.0"], ["0.2494721689981138387778493", "0.0000001345624415498058059101306", "0.7484169106816660816897178", "0.002110785757778403636544181", "0.0"], ["0.2494560432028512022145669", "0.0000001264423855126932916481965", "0.7483685089357102283393493", "0.00217532141905311253421238", "0.0"], ["0.2494392767763778590330627", "0.0000001187596604851461341778591", "0.748318186608114949445528", "0.002242417855846616606353663", "0.0"], ["0.2494218391543733520453349", "0.0000001114947395919814420686585", "0.7482658519473387083017075", "0.002312197403548262693117804", "0.0"], ["0.2494036980811022118300274", "0.0000001046287775284562634939265", "0.7482114081296390970230163", "0.002384789160481004333809769", "0.0"], ["0.2493848195041623078070875", "9.814359549003148574926712e-8", "0.7481547529432732293214244", "0.002460329408968931813710453", "0.0"], ["0.2493651674620148321835148", "9.202166616878924135550554e-8", "0.7480957784510430845257698", "0.002538962065275909852953435", "0.0"], ["0.2493447039637651255838158", "8.624609882645792427512371e-8", "0.748034370629591693551728", "0.002620839160544294133485678", "0.0"], ["0.2493233888606189946441896", "8.08006244540675890159004e-8", "0.7479704089837302654661418", "0.0027061213550261988801327", "0.0"], ["0.2493011797084002879884828", "7.566958102842391208454802e-8", "0.7479037661339438285959482", "0.00279497848807472885614941", "0.0"], ["0.2492780316204634880068815", "7.083789887568532810757315e-8", "0.7478343073750870105275525", "0.002887590166550549596981238", "0.0"], ["0.2492538971102887477723482", "6.62910861525236417030961e-8", "0.747761890204124580654902", "0.002984146394500429570622857", "0.0"], ["0.2492287259229907405848501", "6.201521445550557409461317e-8", "0.7476863638146154690798881", "0.003084848247179180185454808", "0.0"], ["0.2492024648549165014656132", "5.799690456956878943124252e-8", "0.7476075685554630945858414", "0.003189908592715738766505338", "0.0"], ["0.2491750575604457389296495", "5.422331236670247303574065e-8", "0.7475253353512741591376981", "0.003299552864967634700706704", "0.0"], ["0.2491464443450436172351244", "5.068211486624600937879405e-8", "0.7474394850814753320619061", "0.003414019891366150725973108", "0.0"], ["0.2491165619435469674998421", "4.73614964685566097835145e-8", "0.7473498279151302304800734", "0.003533562779826315735478158", "0.0"], ["0.2490853432825942606476718", "4.425013537420815392060036e-8", "0.7472561625981889436516531", "0.003658449869081451891014578", "0.0"], ["0.2490527172260351651446583", "4.133719020134676150519805e-8", "0.7471582756896759838462285", "0.003788965747098589972596859", "0.0"], ["0.2490186083020787296660383", "3.861228681439354035980113e-8", "0.7470559407430967081405275", "0.003925412342537862998897237", "0.0"], ["0.2489829364108618017380802", "3.606550537792807382121768e-8", "0.7469489174291013861455346", "0.00406811009453133287271406", "0.0"], ["0.248945616511039645876742", "3.368736765034634960889904e-8", "0.7468369505952218120833319", "0.004217399206370832836000484", "0.0"], ["0.2489065582839249502313479", "3.146882453278375304661813e-8", "0.7467197692582483346250734", "0.00437364098900213765927871", "0.0"], ["0.2488656657736268737028283", "2.940124388982302843879605e-8", "0.7465970855246121393608618", "0.004537219300517003191353462", "0.0"], ["0.2488228370015763715413978", "2.74763986597310765398887e-8", "0.7464685934339250945525021", "0.004708542088099834835809664", "0.0"], ["0.2487779635537677989357829", "2.568645527337648607635483e-8", "0.7463339677206691042691472", "0.004888043039107697811114893", "0.0"], ["0.2487309301390084422382698", "2.402396240263278843618656e-8", "0.7461928624889123859258412", "0.005076183348116712358162922", "0.0"], ["0.248681614116453788185678", "2.248184006098945875236905e-8", "0.7460449097