{"eq_pressures": [["0.249863341672", "0.749590025017", "0.00054663331074"], ["0.249860655548", "0.749581966645", "0.000557377806122"], ["0.249857897091", "0.749573691274", "0.00056841163469"], ["0.249855063892", "0.749565191677", "0.000579744430727"], ["0.249852153448", "0.749556460345", "0.000591386207015"], ["0.249849163157", "0.749547489471", "0.000603347371876"], ["0.249846090313", "0.74953827094", "0.000615638747085"], ["0.249842932103", "0.74952879631", "0.000628271586686"], ["0.249839685601", "0.749519056802", "0.000641257596779"], ["0.249836347761", "0.749509043283", "0.000654608956318"], ["0.249832915415", "0.749498746246", "0.000668338338985"], ["0.249829385266", "0.749488155798", "0.000682458936203"], ["0.24982575388", "0.749477261639", "0.000696984481345"], ["0.249822017681", "0.749466053044", "0.000711929275223"], ["0.249818172947", "0.74945451884", "0.000727308212911"], ["0.249814215797", "0.749442647391", "0.000743136812001"], ["0.249810142189", "0.749430426568", "0.000759431242361"], ["0.249805947911", "0.749417843732", "0.000776208357487"], ["0.249801628568", "0.749404885704", "0.000793485727552"], ["0.249797179581", "0.749391538744", "0.000811281674238"], ["0.249792596173", "0.749377788519", "0.000829615307473"], ["0.249787873359", "0.749363620077", "0.000848506564176"], ["0.249783005938", "0.749349017813", "0.000867976249141"], ["0.24977798848", "0.749333965441", "0.000888046078177"], ["0.249772815319", "0.749318445957", "0.000908738723663"], ["0.249767480534", "0.749302441603", "0.000930077862642"], ["0.249761977943", "0.749285933829", "0.000952088227626"], ["0.249756301085", "0.749268903255", "0.000974795660285"], ["0.249750443208", "0.749251329624", "0.000998227168179"], ["0.249744397254", "0.749233191761", "0.00102241098475"], ["0.249738155842", "0.749214467525", "0.00104737663275"], ["0.249731711252", "0.749195133756", "0.00107315499137"], ["0.249725055408", "0.749175166225", "0.00109977836724"], ["0.249718179858", "0.749154539573", "0.00112728056961"], ["0.249711075753", "0.749133227258", "0.00115569698994"], ["0.249703733828", "0.749111201485", "0.00118506468624"], ["0.249696144382", "0.749088433146", "0.00121542247233"], ["0.249688297247", "0.749064891741", "0.00124681101259"], ["0.249680181769", "0.749040545308", "0.0012792729223"], ["0.249671786781", "0.749015360344", "0.00131285287407"], ["0.249663100572", "0.748989301717", "0.0013475977108"], ["0.249654110859", "0.748962332576", "0.00138355656553"], ["0.249644804753", "0.748934414259", "0.00142078098865"], ["0.249635168729", "0.748905506188", "0.001459325083"], ["0.249625188588", "0.748875565764", "0.00149924564744"], ["0.249614849418", "0.748844548253", "0.00154060232929"], ["0.249604135553", "0.74881240666", "0.00158345778653"], ["0.249593030535", "0.748779091605", "0.00162787786013"], ["0.249581517061", "0.748744551182", "0.00167393175751"], ["0.249569576938", "0.748708730814", "0.0017216922476"], ["0.249557191033", "0.748671573099", "0.00177123586862"], ["0.249544339213", "0.748633017638", "0.00182264314928"], ["0.249531000289", "0.748593000867", "0.00187599884435"], ["0.249517151954", "0.748551455861", "0.00193139218577"], ["0.249502770712", "0.748508312137", "0.0019889171503"], ["0.249487831814", "0.748463495441", "0.00204867274489"], ["0.249472309172", "0.748416927517", "0.00211076331115"], ["0.249456175287", "0.748368525862", "0.00217529885023"], ["0.249439401158", "0.748318203473", "0.00224239536963"], ["0.249421956187", "0.74826586856", "0.0023121752536"], ["0.249403808085", "0.748211424256", "0.00238476765874"], ["0.249384922766", "0.748154768297", "0.00246030893689"], ["0.249365264228", "0.748095792685", "0.00253894308712"], ["0.24934479444", "0.748034383321", "0.00262082223921"], ["0.249323473207", "0.747970419622", "0.00270610717084"], ["0.249301258035", "0.747903774104", "0.00279496786112"], ["0.249278103979", "0.747834311938", "0.00288758408328"], ["0.24925396349", "0.74776189047", "0.00298414603939"], ["0.24922878624", "0.74768635872", "0.00308485504048"], ["0.249202518941", "0.747607556823", "0.00318992423548"], ["0.249175105152", "0.747525315455", "0.00329957939285"], ["0.249146485065", "0.747439455196", "0.00341405973889"], ["0.249116595286", "0.747349785857", "0.00353361885734"], ["0.249085368586", "0.747256105759", "0.00365852565495"], ["0.24905273365", "0.747158200951", "0.00378906539831"], ["0.249018614793", "0.747055844379", "0.0039255408276"], ["0.248982931662", "0.746948794985", "0.00406827335329"], ["0.248945598914", "0.746836796743", "0.00421760434261"], ["0.248906525874", "0.746719577623", "0.00437389650277"], ["0.248865616158", "0.746596848473", "0.0045375353689"], ["0.248822767274", "0.746468301821", "0.00470893090508"], ["0.248777870193", "0.746333610579", "0.00488851922763"], ["0.248730808885", "0.746192426655", "0.00507676446063"], ["0.248681459816", "0.746044379449", "0.00527416073434"], ["0.248629691415", "0.745889074246", "0.00548123433835"], ["0.24857536349", "0.745726090469", "0.00569854604193"], ["0.248518326601", "0.745554979803", "0.00592669359534"], ["0.248458421393", "0.74537526418", "0.00616631442705"], ["0.248395477862", "0.745186433585", "0.00641808855269"], ["0.248329314572", "0.744987943715", "0.00668274171338"], ["0.248259737809", "0.744779213428", "0.00696104876202"], ["0.24818654067", "0.744559622011", "0.00725383731809"], ["0.248109502072", "0.744328506215", "0.0075619917128"], ["0.248028385688", "0.744085157064", "0.00788645724831"], ["0.247942938801", "0.743828816402", "0.00822824479678"], ["0.247852891058", "0.743558673175", "0.00858843576667"], ["0.247757953133", "0.7432738594", "0.0089681874661"], ["0.247657815276", "0.742973445829", "0.00936873889517"], ["0.24755214575", "0.742656437249", "0.00979141700151"], ["0.247440589141", "0.742321767423", "0.0102376434358"], ["0.247322764538", "0.741968293615", "0.0107089418467"], ["0.247198263561", "0.741594790683", "0.0112069457564"], ["0.247066648234", "0.741199944703", "0.0117334070624"], ["0.246927448697", "0.740782346091", "0.0122902052121"], ["0.246780160725", "0.740340482175", "0.0128793570999"], ["0.246624243065", "0.739872729195", "0.0135030277399"], ["0.246459114558", "0.739377343673", "0.014163541769"], ["0.246284151041", "0.738852453122", "0.0148633958372"], ["0.246098682014", "0.738296046042", "0.0156052719441"], ["0.245901987054", "0.737705961163", "0.0163920517832"], ["0.245693291962", "0.737079875885", "0.0172268321534"], ["0.245471764625", "0.736415293875", "0.0181129414995"], ["0.245236510589", "0.735709531768", "0.0190539576427"], ["0.244986568311", "0.734959704932", "0.0200537267569"], ["0.244720904089", "0.734162712267", "0.0211163836443"], ["0.24443840666", "0.733315219981", "0.0222463733589"], ["0.244137881447", "0.73241364434", "0.0234484742133"], ["0.243818044451", "0.731454133352", "0.0247278221973"], ["0.243477515796", "0.730432547387", "0.026089936817"], ["0.243114812914", "0.729344438741", "0.0275407483456"], ["0.242728343387", "0.728185030162", "0.0290866264501"], ["0.242316397468", "0.726949192404", "0.0307344101275"], ["0.241877140289", "0.725631420866", "0.0324914388448"], ["0.241408603818", "0.724225811453", "0.034365584729"], ["0.2409086786", "0.7227260358", "0.0363652855999"], ["0.240375105358", "0.721125316075", "0.0384995785665"], ["0.239805466542", "0.719416399625", "0.0407781338338"], ["0.239197177933", "0.717591533798", "0.0432112882699"], ["0.238547480455", "0.715642441364", "0.0458100781808"], ["0.237853432346", "0.713560297038", "0.048586270616"], ["0.237111901902", "0.711335705705", "0.0515523923939"], ["0.236319561029", "0.708958683087", "0.0547217558834"], ["0.235472879898", "0.706418639693", "0.0581084804096"], ["0.234568123006", "0.703704369017", "0.0617275079779"], ["0.233601347046", "0.700804041138", "0.0655946118166"], ["0.232568400987", "0.697705202962", "0.0697263960502"], ["0.231464928845", "0.694394786535", "0.0741402846205"], ["0.230286375652", "0.690859126955", "0.0788544973931"], ["0.229027997193", "0.687083991579", "0.0838880112278"], ["0.227684874084", "0.683054622252", "0.0892605036635"], ["0.226251930801", "0.678755792402", "0.0949922767974"], ["0.224723960267", "0.674171880801", "0.101104158932"], ["0.223095654588", "0.669286963764", "0.107617381648"], ["0.221361642461", "0.664084927384", "0.114553430154"], ["0.219516533724", "0.658549601172", "0.121933865104"], ["0.217554971368", "0.652664914104", "0.129780114528"], ["0.215471691201", "0.646415073604", "0.138113235194"], ["0.213261589122", "0.639784767366", "0.146953643513"], ["0.210919795726", "0.632759387178", "0.156320817096"], ["0.208441757689", "0.625325273067", "0.166232969244"], ["0.205823325027", "0.617469975082", "0.176706699891"], ["0.203060843015", "0.609182529044", "0.187756627941"], ["0.200151247169", "0.600453741506", "0.199395011325"], ["0.197092159385", "0.591276478156", "0.211631362459"], ["0.193881982983", "0.581645948949", "0.224472068068"], ["0.190519994172", "0.571559982515", "0.237920023314"], ["0.187006427265", "0.561019281795", "0.25197429094"], ["0.18334255089", "0.550027652671", "0.266629796439"], ["0.179530732461", "0.538592197382", "0.281877070157"], ["0.175574488344", "0.526723465031", "0.297702046625"], ["0.171478517431", "0.514435552292", "0.314085930278"], ["0.16724871621", "0.501746148629", "0.331005135162"], ["0.162892173962", "0.488676521885", "0.348431304154"], ["0.158417147268", "0.475251441805", "0.366331410927"], ["0.153833013676", "0.461499041029", "0.384667945295"], ["0.149150205014", "0.447450615043", "0.403399179943"], ["0.144380121501", "0.433140364503", "0.422479513996"], ["0.139535028387", "0.418605085162", "0.44185988645"], ["0.134627937384", "0.403883812151", "0.461488250465"], ["0.129672475544", "0.389017426632", "0.481310097824"], ["0.12468274458", "0.374048233741", "0.501269021678"], ["0.119673173757", "0.359019521272", "0.521307304971"], ["0.11465836956", "0.343975108681", "0.541366521759"], ["0.109652965284", "0.328958895853", "0.561388138862"], ["0.104671473509", "0.314014420526", "0.581314105966"], ["0.0997281441757", "0.299184432527", "0.601087423297"], ["0.094836830685", "0.284510492055", "0.62065267726"], ["0.090010866032", "0.270032598096", "0.639956535872"], ["0.0852629506485", "0.255788851946", "0.658948197406"], ["0.0806050531959", "0.241815159588", "0.677579787216"], ["0.0760483251765", "0.22814497553", "0.695806699294"], ["0.0716030298581", "0.214809089574", "0.713587880567"], ["0.0672784856668", "0.201835457", "0.730886057333"], ["0.0630830239015", "0.189249071704", "0.747667904394"], ["0.0590239603598", "0.17707188108", "0.763904158561"], ["0.055107580245", "0.165322740735", "0.77956967902"], ["0.0513391355441", "0.154017406632", "0.794643457824"], ["0.0477228539321", "0.143168561796", "0.809108584272"], ["0.0442619581527", "0.132785874458", "0.822952167389"], ["0.040958694764", "0.122876084292", "0.836165220944"], ["0.0378143710992", "0.113443113298", "0.848742515603"], ["0.0348293992857", "0.104488197857", "0.860682402857"], ["0.0320033461772", "0.0960100385315", "0.871986615291"], ["0.0293349880879", "0.0880049642636", "0.882660047649"], ["0.0268223692642", "0.0804671077925", "0.892710522943"], ["0.0244628630881", "0.0733885892644", "0.902148547648"], ["0.0222532350756", "0.0667597052268", "0.910987059698"], ["0.0201897068063", "0.0605691204188", "0.919241172775"], ["0.0182680200003", "0.0548040600008", "0.926927919999"], ["0.0164835000365", "0.0494505001094", "0.934065999854"]], "EA": -0.6, "reverse_rates": [["0.000387926364556", "2.62148976989", "0.0", "4.60843404369e-06", "0.0", "0.0"], ["0.00037680681076", "2.5200496411", "0.0", "4.40683583657e-06", "0.0", "0.0"], ["0.000365933011933", "2.4218799558", "0.0", "4.21274932772e-06", "0.0", "0.0"], ["0.000355301338236", "2.32689848813", "0.0", "4.02594749981e-06", "0.0", "0.0"], ["0.000344908179212", "2.23502439814", "0.0", "3.84620838018e-06", "0.0", "0.0"], ["0.000334749944135", "2.14617822406", "0.0", "3.67331497942e-06", "0.0", "0.0"], ["0.000324823062361", "2.06028187443", "0.0", "3.50705522976e-06", "0.0", "0.0"], ["0.000315123983674", "1.97725861989", "0.0", "3.34722192297e-06", "0.0", "0.0"], ["0.000305649178628", "1.89703308485", "0.0", "3.19361264812e-06", "0.0", "0.0"], ["0.000296395138895", "1.81953123888", "0.0", "3.04602972888e-06", "0.0", "0.0"], ["0.0002873583776", "1.74468038792", "0.0", "2.90428016066e-06", "0.0", "0.0"], ["0.000278535429666", "1.67240916521", "0.0", "2.76817554751e-06", "0.0", "0.0"], ["0.000269922852146", "1.6026475221", "0.0", "2.63753203867e-06", "0.0", "0.0"], ["0.000261517224556", "1.53532671854", "0.0", "2.51217026507e-06", "0.0", "0.0"], ["0.000253315149212", "1.47037931346", "0.0", "2.39191527552e-06", "0.0", "0.0"], ["0.000245313251551", "1.4077391549", "0.0", "2.27659647282e-06", "0.0", "0.0"], ["0.000237508180462", "1.3473413699", "0.0", "2.16604754963e-06", "0.0", "0.0"], ["0.000229896608607", "1.28912235427", "0.0", "2.06010642437e-06", "0.0", "0.0"], ["0.000222475232739", "1.2330197621", "0.0", "1.95861517682e-06", "0.0", "0.0"], ["0.000215240774019", "1.17897249509", "0.0", "1.86141998383e-06", "0.0", "0.0"], ["0.000208189978329", "1.12692069171", "0.0", "1.76837105487e-06", "0.0", "0.0"], ["0.000201319616581", "1.07680571618", "0.0", "1.67932256753e-06", "0.0", "0.0"], ["0.000194626485021", "1.02857014719", "0.0", "1.59413260311e-06", "0.0", "0.0"], ["0.000188107405532", "0.98215776655", "0.0", "1.5126630821e-06", "0.0", "0.0"], ["0.000181759225929", "0.937513547594", "0.0", "1.43477969978e-06", "0.0", "0.0"], ["0.000175578820254", "0.894583643429", "0.0", "1.36035186184e-06", "0.0", "0.0"], ["0.000169563089064", "0.853315375021", "0.0", "1.28925262006e-06", "0.0", "0.0"], ["0.000163708959715", "0.813657219117", "0.0", "1.22135860812e-06", "0.0", "0.0"], ["0.000158013386644", "0.775558796007", "0.0", "1.1565499775e-06", "0.0", "0.0"], ["0.000152473351639", "0.73897085713", "0.0", "1.09471033358e-06", "0.0", "0.0"], ["0.000147085864113", "0.703845272536", "0.0", "1.03572667182e-06", "0.0", "0.0"], ["0.000141847961366", "0.670135018196", "0.0", "9.79489314213e-07", "0.0", "0.0"], ["0.000136756708849", "0.637794163181", "0.0", "9.25891845862e-07", "0.0", "0.0"], ["0.000131809200412", "0.606777856695", "0.0", "8.74831051867e-07", "0.0", "0.0"], ["0.000127002558557", "0.577042314986", "0.0", "8.26206854416e-07", "0.0", "0.0"], ["0.000122333934679", "0.548544808131", "0.0", "7.79922250159e-07", "0.0", "0.0"], ["0.000117800509303", "0.5212436467", "0.0", "7.35883247889e-07", "0.0", "0.0"], ["0.000113399492318", "0.495098168302", "0.0", "6.93998806522e-07", "0.0", "0.0"], ["0.000109128123197", "0.470068724029", "0.0", "6.54180773428e-07", "0.0", "0.0"], ["0.000104983671219", "0.446116664793", "0.0", "6.16343823116e-07", "0.0", "0.0"], ["0.000100963435682", "0.423204327562", "0.0", "5.80405396292e-07", "0.0", "0.0"], ["9.70647461026e-05", "0.401295021514", "0.0", "5.46285639323e-07", "0.0", "0.0"], ["9.32849624235e-05", "0.380353014088", "0.0", "5.13907344117e-07", "0.0", "0.0"], ["8.96214751985e-05", "0.360343516973", "0.0", "4.83195888442e-07", "0.0", "0.0"], ["8.60717057808e-05", "0.341232672009", "0.0", "4.540791767e-07", "0.0", "0.0"], ["8.26331064992e-05", "0.322987537024", "0.0", "4.26487581185e-07", "0.0", "0.0"], ["7.93031608293e-05", "0.305576071611", "0.0", "4.0035388383e-07", "0.0", "0.0"], ["7.6079383556e-05", "0.288967122842", "0.0", "3.7561321847e-07", "0.0", "0.0"], ["7.29593209288e-05", "0.273130410938", "0.0", "3.52203013641e-07", "0.0", "0.0"], ["6.99405508091e-05", "0.258036514892", "0.0", "3.30062935925e-07", "0.0", "0.0"], ["6.70206828103e-05", "0.243656858056", "0.0", "3.09134833866e-07", "0.0", "0.0"], ["6.41973584285e-05", "0.229963693691", "0.0", "2.89362682465e-07", "0.0", "0.0"], ["6.14682511666e-05", "0.216930090503", "0.0", "2.70692528278e-07", "0.0", "0.0"], ["5.88310666486e-05", "0.204529918148", "0.0", "2.53072435137e-07", "0.0", "0.0"], ["5.62835427265e-05", "0.192737832731", "0.0", "2.36452430491e-07", "0.0", "0.0"], ["5.38234495776e-05", "0.181529262303", "0.0", "2.20784452403e-07", "0.0", "0.0"], ["5.14485897941e-05", "0.170880392348", "0.0", "2.06022297207e-07", "0.0", "0.0"], ["4.91567984627e-05", "0.160768151289", "0.0", "1.92121567838e-07", "0.0", "0.0"], ["4.69459432356e-05", "0.151170195998", "0.0", "1.79039622851e-07", "0.0", "0.0"], ["4.48139243923e-05", "0.142064897334", "0.0", "1.66735526147e-07", "0.0", "0.0"], ["4.27586748918e-05", "0.1334313257", "0.0", "1.55169997408e-07", "0.0", "0.0"], ["4.07781604152e-05", "0.125249236641", "0.0", "1.44305363259e-07", "0.0", "0.0"], ["3.88703793986e-05", "0.117499056475", "0.0", "1.34105509169e-07", "0.0", "0.0"], ["3.70333630561e-05", "0.110161867972", "0.0", "1.24535832101e-07", "0.0", "0.0"], ["3.52651753925e-05", "0.103219396089", "0.0", "1.15563193915e-07", "0.0", "0.0"], ["3.35639132055e-05", "0.0966539937582", "0.0", "1.07155875544e-07", "0.0", "0.0"], ["3.19277060778e-05", "0.0904486277444", "0.0", "9.92835319446e-08", "0.0", "0.0"], ["3.03547163578e-05", "0.0845868645704", "0.0", "9.19171478284e-08", "0.0", "0.0"], ["2.88431391301e-05", "0.0790528565227", "0.0", "8.50289941912e-08", "0.0", "0.0"], ["2.7391202173e-05", "0.0738313277392", "0.0", "7.85925856369e-08", "0.0", "0.0"], ["2.59971659067e-05", "0.0689075603871", "0.0", "7.2582638508e-08", "0.0", "0.0"], ["2.46593233272e-05", "0.0642673809365", "0.0", "6.69750298269e-08", "0.0", "0.0"], ["2.33759999294e-05", "0.059897146535", "0.0", "6.17467570524e-08", "0.0", "0.0"], ["2.2145553617e-05", "0.0557837314904", "0.0", "5.68758986566e-08", "0.0", "0.0"], ["2.09663745994e-05", "0.0519145138656", "0.0", "5.2341575525e-08", "0.0", "0.0"], ["1.98368852745e-05", "0.0482773621926", "0.0", "4.81239131835e-08", "0.0", "0.0"], ["1.87555400984e-05", "0.0448606223105", "0.0", "4.42040048541e-08", "0.0", "0.0"], ["1.77208254391e-05", "0.0416531043326", "0.0", "4.05638753414e-08", "0.0", "0.0"], ["1.67312594168e-05", "0.0386440697481", "0.0", "3.71864457505e-08", "0.0", "0.0"], ["1.57853917261e-05", "0.0358232186641", "0.0", "3.40554990371e-08", "0.0", "0.0"], ["1.48818034436e-05", "0.0331806771912", "0.0", "3.11556463891e-08", "0.0", "0.0"], ["1.40191068171e-05", "0.0307069849794", "0.0", "2.84722944396e-08", "0.0", "0.0"], ["1.31959450365e-05", "0.0283930829078", "0.0", "2.59916133086e-08", "0.0", "0.0"], ["1.24109919863e-05", "0.0262303009321", "0.0", "2.37005054729e-08", "0.0", "0.0"], ["1.16629519778e-05", "0.0242103460966", "0.0", "2.15865754596e-08", "0.0", "0.0"], ["1.095055946e-05", "0.0223252907117", "0.0", "1.96381003627e-08", "0.0", "0.0"], ["1.02725787095e-05", "0.0205675607031", "0.0", "1.78440011756e-08", "0.0", "0.0"], ["9.62780349599e-06", "0.0189299241364", "0.0", "1.6193814938e-08", "0.0", "0.0"], ["9.01505672498e-06", "0.0174054799195", "0.0", "1.46776676915e-08", "0.0", "0.0"], ["8.43319005474e-06", "0.0159876466879", "0.0", "1.32862482378e-08", "0.0", "0.0"], ["7.88108348719e-06", "0.0146701518747", "0.0", "1.20107826947e-08", "0.0", "0.0"], ["7.35764493188e-06", "0.0134470209704", "0.0", "1.08430098433e-08", "0.0", "0.0"], ["6.86180974192e-06", "0.0123125669736", "0.0", "9.77515725955e-09", "0.0", "0.0"], ["6.39254022142e-06", "0.0112613800364", "0.0", "8.79991822329e-09", "0.0", "0.0"], ["5.94882510382e-06", "0.0102883173077", "0.0", "7.91042939699e-09", "0.0", "0.0"], ["5.52967900095e-06", "0.00938849297604", "0.0", "7.10024926633e-09", "0.0", "0.0"], ["5.13414182297e-06", "0.00855726851427", "0.0", "6.36333733429e-09", "0.0", "0.0"], ["4.76127816963e-06", "0.00779024312928", "0.0", "5.6940340598e-09", "0.0", "0.0"], ["4.41017669387e-06", "0.00708324441754", "0.0", "5.08704153163e-09", "0.0", "0.0"], ["4.07994943925e-06", "0.00643231922871", "0.0", "4.53740486779e-09", "0.0", "0.0"], ["3.76973115314e-06", "0.00583372473829", "0.0", "4.0404943298e-09", "0.0", "0.0"], ["3.47867857824e-06", "0.00528391973022", "0.0", "3.59198814084e-09", "0.0", "0.0"], ["3.20596972531e-06", "0.00477955608949", "0.0", "3.18785599561e-09", "0.0", "0.0"], ["2.95080313025e-06", "0.00431747050388", "0.0", "2.82434324886e-09", "0.0", "0.0"], ["2.7123970985e-06", "0.00389467637283", "0.0", "2.49795576808e-09", "0.0", "0.0"], ["2.48998893891e-06", "0.00350835591948", "0.0", "2.20544543434e-09", "0.0", "0.0"], ["2.28283418744e-06", "0.00315585249918", "0.0", "1.94379627273e-09", "0.0", "0.0"], ["2.09020581736e-06", "0.00283466309435", "0.0", "1.7102111913e-09", "0.0", "0.0"], ["1.91139342706e-06", "0.00254243097969", "0.0", "1.50209930332e-09", "0.0", "0.0"], ["1.74570238567e-06", "0.00227693853387", "0.0", "1.31706380244e-09", "0.0", "0.0"], ["1.5924529012e-06", "0.00203610016243", "0.0", "1.15289035296e-09", "0.0", "0.0"], ["1.45097894859e-06", "0.00181795527876", "0.0", "1.00753594695e-09", "0.0", "0.0"], ["1.32062695342e-06", "0.00162066126541", "0.0", "8.79118164357e-10", "0.0", "0.0"], ["1.2007540588e-06", "0.00144248629982", "0.0", "7.65904749764e-10", "0.0", "0.0"], ["1.09072569408e-06", "0.00128180187437", "0.0", "6.66303384507e-10", "0.0", "0.0"], ["9.89911989596e-07", "0.00113707476256", "0.0", "5.78851480844e-10", "0.0", "0.0"], ["8.97682304143e-07", "0.00100685807896", "0.0", "5.02205747003e-10", "0.0", "0.0"], ["8.13396704223e-07", "0.000889780963104", "0.0", "4.35131162439e-10", "0.0", "0.0"], ["7.36392624622e-07", "0.000784536353227", "0.0", "3.76488871705e-10", "0.0", "0.0"], ["6.65964248433e-07", "0.00068986654355", "0.0", "3.25222430054e-10", "0.0", "0.0"], ["6.01332009593e-07", "0.000604547442033", "0.0", "2.80342110623e-10", "0.0", "0.0"], ["5.41602407844e-07", "0.000527376504473", "0.0", "2.4090852515e-10", "0.0", "0.0"], ["4.85730814059e-07", "0.000457180041544", "0.0", "2.06021889288e-10", "0.0", "0.0"], ["4.3253545898e-07", "0.000392876708794", "0.0", "1.74835427155e-10", "0.0", "0.0"], ["3.8087200983e-07", "0.000333651144433", "0.0", "1.46627653172e-10", "0.0", "0.0"], ["3.30075878778e-07", "0.0002792293414", "0.0", "1.20952234116e-10", "0.0", "0.0"], ["2.80491864606e-07", "0.000230024390625", "0.0", "9.77716164459e-11", "0.0", "0.0"], ["2.33492342225e-07", "0.000186816613453", "0.0", "7.73715967543e-11", "0.0", "0.0"], ["1.90744129604e-07", "0.000150117338153", "0.0", "6.00475323835e-11", "0.0", "0.0"], ["1.53401474794e-07", "0.000119809185779", "0.0", "4.58481508555e-11", "0.0", "0.0"], ["1.21837337731e-07", "9.52525276519e-05", "0.0", "3.45484572374e-11", "0.0", "0.0"], ["9.58098344553e-08", "7.55724340872e-05", "0.0", "2.57582443173e-11", "0.0", "0.0"], ["7.47357178345e-08", "5.98826589644e-05", "0.0", "1.9036555053e-11", "0.0", "0.0"], ["5.79033550173e-08", "4.739668246e-05", "0.0", "1.39639376413e-11", "0.0", "0.0"], ["4.45996440905e-08", "3.74609003398e-05", "0.0", "1.01756800931e-11", "0.0", "0.0"], ["3.41731756685e-08", "2.95496421759e-05", "0.0", "7.37093825564e-12", "0.0", "0.0"], ["2.60589933396e-08", "2.32463322932e-05", "0.0", "5.30971767159e-12", "0.0", "0.0"], ["1.97826780683e-08", "1.82224277694e-05", "0.0", "3.80486730148e-12", "0.0", "0.0"], ["1.4954364271e-08", "1.42186602994e-05", "0.0", "2.71281647969e-12", "0.0", "0.0"], ["1.12585770166e-08", "1.1029774686e-05", "0.0", "1.92479422979e-12", "0.0", "0.0"], ["8.44298985991e-09", "8.49261244731e-06", "0.0", "1.35921595688e-12", "0.0", "0.0"], ["6.30763503854e-09", "6.47696650639e-06", "0.0", "9.55401058695e-13", "0.0", "0.0"], ["4.6952429102e-09", "4.87859145738e-06", "0.0", "6.68547209369e-13", "0.0", "0.0"], ["3.48293444971e-09", "3.61384540547e-06", "0.0", "4.65794286421e-13", "0.0", "0.0"], ["2.5752602011e-09", "2.61556181328e-06", "0.0", "3.23189077491e-13", "0.0", "0.0"], ["1.8984698951e-09", "1.82987505479e-06", "0.0", "2.23372383039e-13", "0.0", "0.0"], ["1.3958498409e-09", "1.2138902974e-06", "0.0", "1.53833020624e-13", "0.0", "0.0"], ["1.02393218262e-09", "7.345927976e-07", "0.0", "1.05597396458e-13", "0.0", "0.0"], ["7.49223771791e-10", "3.72518481851e-07", "0.0", "7.223399785e-14", "0.0", "0.0"], ["5.44681083578e-10", "1.4500688754e-07", "0.0", "4.9044243031e-14", "0.0", "0.0"], ["3.91145312827e-10", "5.66018229179e-08", "0.0", "3.28592317638e-14", "0.0", "0.0"], ["2.78433750669e-10", "2.50935169814e-08", "0.0", "2.18003078513e-14", "0.0", "0.0"], ["1.96949394444e-10", "1.17690879249e-08", "0.0", "1.43566979054e-14", "0.0", "0.0"], ["1.38514071866e-10", "5.62935085443e-09", "0.0", "9.3903136222e-15", "0.0", "0.0"], ["9.68707267735e-11", "2.70441908874e-09", "0.0", "6.10072269302e-15", "0.0", "0.0"], ["6.73661651565e-11", "1.29584528107e-09", "0.0", "3.93675229584e-15", "0.0", "0.0"], ["4.65809959421e-11", "6.17090145264e-10", "0.0", "2.522934681e-15", "0.0", "0.0"], ["3.20220293278e-11", "2.91460951073e-10", "0.0", "1.60556745976e-15", "0.0", "0.0"], ["2.1883200582e-11", "1.36360605624e-10", "0.0", "1.01447698099e-15", "0.0", "0.0"], ["1.48641129404e-11", "6.31363246393e-11", "0.0", "6.36324244448e-16", "0.0", "0.0"], ["1.00339997992e-11", "2.89099140545e-11", "0.0", "3.96154897251e-16", "0.0", "0.0"], ["6.73060197372e-12", "1.30839613549e-11", "0.0", "2.44751927233e-16", "0.0", "0.0"], ["4.48552745558e-12", "5.84973942343e-12", "0.0", "1.50031626272e-16", "0.0", "0.0"], ["2.96951386024e-12", "2.58248962854e-12", "0.0", "9.12332414802e-17", "0.0", "0.0"], ["1.95253694402e-12", "1.12527346673e-12", "0.0", "5.50239666123e-17", "0.0", "0.0"], ["1.27491858201e-12", "4.837436791e-13", "0.0", "3.29072034621e-17", "0.0", "0.0"], ["8.26531641554e-13", "2.05085398517e-13", "0.0", "1.95109740386e-17", "0.0", "0.0"], ["5.31927168967e-13", "8.57121683044e-14", "0.0", "1.14662428632e-17", "0.0", "0.0"], ["3.39765677699e-13", "3.52991525921e-14", "0.0", "6.67758545668e-18", "0.0", "0.0"], ["2.15356280212e-13", "1.43193741855e-14", "0.0", "3.85276314e-18", "0.0", "0.0"], ["1.35425143398e-13", "5.71929642321e-15", "0.0", "2.20178268709e-18", "0.0", "0.0"], ["8.44723666221e-14", "2.24820961667e-15", "0.0", "1.24599651925e-18", "0.0", "0.0"], ["5.22528757758e-14", "8.69397922447e-16", "0.0", "6.98049836316e-19", "0.0", "0.0"], ["3.20471248014e-14", "3.30593598488e-16", "0.0", "3.87049149485e-19", "0.0", "0.0"], ["1.94827778614e-14", "1.23556226928e-16", "0.0", "2.12341290406e-19", "0.0", "0.0"], ["1.17379292967e-14", "4.53652003413e-17", "0.0", "1.15229983733e-19", "0.0", "0.0"], ["7.00652837975e-15", "1.63551865317e-17", "0.0", "6.18341842476e-20", "0.0", "0.0"], ["4.1425998708e-15", "5.78684009986e-18", "0.0", "3.2801093722e-20", "0.0", "0.0"], ["2.42541168887e-15", "2.00840604906e-18", "0.0", "1.71950683056e-20", "0.0", "0.0"], ["1.40578708398e-15", "6.83357265059e-19", "0.0", "8.90490608382e-21", "0.0", "0.0"], ["8.06398679484e-16", "2.27815653289e-19", "0.0", "4.55420928317e-21", "0.0", "0.0"], ["4.5766314617e-16", "7.43708037948e-20", "0.0", "2.29930869489e-21", "0.0", "0.0"], ["2.56904989634e-16", "2.37595557415e-20", "0.0", "1.14556177863e-21", "0.0", "0.0"], ["1.42589921807e-16", "7.42359675349e-21", "0.0", "5.62997527643e-22", "0.0", "0.0"], ["7.82255138483e-17", "2.26695520251e-21", "0.0", "2.72825026611e-22", "0.0", "0.0"], ["4.24032383976e-17", "6.76121494027e-22", "0.0", "1.30306938593e-22", "0.0", "0.0"], ["2.27029419006e-17", "1.9681054659e-22", "0.0", "6.13147368068e-23", "0.0", "0.0"], ["1.20014231262e-17", "5.58714081971e-23", "0.0", "2.84103563514e-23", "0.0", "0.0"], ["6.26150869063e-18", "1.54564892543e-23", "0.0", "1.29567233995e-23", "0.0", "0.0"], ["3.22286250749e-18", "4.16351660824e-24", "0.0", "5.81304754664e-24", "0.0", "0.0"], ["1.63581598029e-18", "1.09111688195e-24", "0.0", "2.56434852508e-24", "0.0", "0.0"], ["8.18393782475e-19", "2.77946626856e-25", "0.0", "1.11167886333e-24", "0.0", "0.0"], ["4.03387373836e-19", "6.87593539031e-26", "0.0", "4.73331283309e-25", "0.0", "0.0"], ["1.95795357846e-19", "1.65031199137e-26", "0.0", "1.97823699756e-25", "0.0", "0.0"], ["9.35365217035e-20", "3.83910016373e-27", "0.0", "8.1105634098e-26", "0.0", "0.0"], ["4.39569441132e-20", "8.64704544213e-28", "0.0", "3.25989553087e-26", "0.0", "0.0"], ["2.03095111477e-20", "1.88367598159e-28", "0.0", "1.28364223683e-26", "0.0", "0.0"], ["9.22028469716e-21", "3.96413426497e-29", "0.0", "4.94841703093e-27", "0.0", "0.0"], ["4.11052744523e-21", "8.04960874058e-30", "0.0", "1.86616796037e-27", "0.0", "0.0"], ["1.79838312086e-21", "1.57522173512e-30", "0.0", "6.87958884378e-28", "0.0", "0.0"]], "pressures": [["0.2498608563706046187582995", "0.000002432458526287203320873357", "0.7495898664873926657274033", "0.0005468446834764225696817899", "0.0"], ["0.2498582578182486531553374", "0.00000234201752554290766753687", "0.7495817995073224842900796", "0.0005576006569031978094751574", "0.0"], ["0.2498555836820378457634084", "0.000002254654043962459269038588", "0.749573515008245424668533", "0.000568646655672750272864887", "0.0"], ["0.2498528316212076838819795", "0.00000217028855297351178608446", "0.7495650057292819721812968", "0.000579992360957426998396504", "0.0"], ["0.2498499991981204053911894", "0.000002088842899553514194072919", "0.7495562641230599280884284", "0.0005916478359201978858643423", "0.0"], ["0.2498470838739382294404765", "0.000002010240300452253609252897", "0.7495472823427158913531866", "0.0006036235430453750352327199", "0.0"], ["0.2498440830040745499885703", "0.00000193440533612550891910331", "0.7495380522282321285623468", "0.0006159303623572403517922675", "0.0"], ["0.2498409938334112970992784", "0.000001861263944383037792638396", "0.7495285652920670404857402", "0.0006285796105772805142172407", "0.0"], ["0.2498378134912677438652443", "0.000001790743413754692884156332", "0.7495188127040444957238902", "0.0006415830612740164132553868", "0.0"], ["0.2498345389861077263322063", "0.000001722772376578550514189712", "0.7495087852754528640378068", "0.0006549529660627954495096131", "0.0"], ["0.2498311671999690431558528", "0.000001657280801815235358109845", "0.749498473442312474516253", "0.0006687020769166227406543049", "0.0"], ["0.2498276948825991673701691", "0.000001594199987593066632259709", "0.7494878672477602310785847", "0.0006828436696530188448792814", "0.0"], ["0.2498241186452799557061162", "0.000001533462553488740657668475", "0.7494769563235003332401826", "0.0006973915686661220171943034", "0.0"], ["0.2498204349543230045252239", "0.000001475002432548800296838429", "0.749465729870266560366745", "0.0007123601729777782544647117", "0.0"], ["0.2498166401242154021699067", "0.000001418754863057262469252423", "0.7494541766372353286508264", "0.0007277644836861546305148668", "0.0"], ["0.2498127303103960167373975", "0.000001364656380055305639372636", "0.7494422849003281173961744", "0.0007436201328956848346549731", "0.0"], ["0.2498087015016389940991453", "0.000001312644806619118479083162", "0.7494300424393367904685047", "0.0007599434142176642375100378", "0.0"], ["0.2498045495120208998703926", "0.000001262659244902509919141433", "0.7494174365137973089455912", "0.0007767513149368223315096166", "0.0"], ["0.2498002699724466622067605", "0.000001214640066951125997587943", "0.7494044538375407911311772", "0.0007940615499456329290842345", "0.0"], ["0.2497958583217059409945672", "0.000001168528905295685994013582", "0.7493910805518337099937709", "0.0008118925975550433165747916", "0.0"], ["0.2497913097970322576259264", "0.000001124268643331922889712889", "0.7493773021970267200939834", "0.0008302637372976953329570066", "0.0"], ["0.2497866194241325684764536", "0.000001081803405495426030882452", "0.7493631036826141433410487", "0.0008491950898477695221296817", "0.0"], ["0.2497817820066552452756127", "0.000001041078547240072946997449", "0.7493484692556074079090471", "0.0008687076591901376798576946", "0.0"], ["0.2497767921150599617385875", "0.000001002040644829143726300968", "0.7493333824671143725532812", "0.0008888233771808408540259214", "0.0"], ["0.249771644074852356661892", "0.0000009646374849488158631053165", "0.7493178261370118207969066", "0.000909565150650842093728706", "0.0"], ["0.2497663319541418983560416", "0.0000009288180541542286350258174", "0.7493017823165879673983923", "0.0009309569112158806183832273", "0.0"], ["0.2497608495504801757304894", "0.0000008945325281588785799320153", "0.7492852322490249090141049", "0.0009530236679667866481789205", "0.0"], ["0.2497551903769322150220323", "0.0000008617322609787927405121587", "0.7492681563275794398644118", "0.000975791563227303563285042", "0.0"], ["0.249749347647331060315156", "0.0000008303697739434705021524205", "0.7492505340513150113589899", "0.0009992879315799622290268002", "0.0"], ["0.2497433142606616049980393", "0.0000008003987445864024910694564", "0.749232343978218480574737", "0.001023541362375292687748368", "0.0"], ["0.2497370827845156915762044", "0.000000771773995428608742410592", "0.7492135636755333604640397", "0.001048581765955569471306324", "0.0"], ["0.2497306454375569578154787", "0.0000007444514826695494887480737", "0.7491941696671188820955444", "0.001074440443841512476610009", "0.0"], ["0.2497239940709279623134338", "0.0000007183882848005160695699043", "0.7491741373776381957759173", "0.001101150163149005364554303", "0.0"], ["0.2497171201485280445690891", "0.0000006935425911566428061422865", "0.7491534410733575113760618", "0.00112874523552323549456076", "0.0"], ["0.2497100147260846759166168", "0.000000669873690424573576716094", "0.7491320537993253013808934", "0.001157261600899582216192812", "0.0"], ["0.2497026684289347351500979", "0.0000006473419591240388206416891", "0.7491099473126815775667558", "0.001186736916424534140493385", "0.0"], ["0.249695071428425929014321", "0.0000006259088500825924986981904", "0.7490870920118280804926918", "0.001217210650895908435043683", "0.0"], ["0.2496872134168415997965229", "0.0000006055368809242587675048311", "0.7490634568611674813636932", "0.001248724185109977866406623", "0.0"], ["0.2496790835807439207068985", "0.000000586189622594023467003714", "0.7490390093110996348053135", "0.001281320918533908549949781", "0.0"], ["0.2496706705726231543689372", "0.000000567831687941789132077476", "0.7490137152129332435235988", "0.001315046382755663916488984", "0.0"], ["0.2496619624807295660674349", "0.0000005504287203909773054668344", "0.7489875387283498261486932", "0.001349948362200198629718231", "0.0"], ["0.2496529467969570344930775", "0.0000005339473827188610979482117", "0.7489604422330192154119408", "0.001386077022640987345485683", "0.0"], ["0.2496436103826340404427124", "0.0000005183553459776650297096332", "0.7489323862139399652548697", "0.001423485048079915591296796", "0.0"], ["0.2496339394320672185244747", "0.0000005036212785877386350316639", "0.7489033291600375073204185", "0.001462227786616735606952556", "0.0"], ["0.2496239194336688526587858", "0.0000004897148356365040279632287", "0.748873227445513467398686", "0.001502363405982109889986187", "0.0"], ["0.2496135351284849927534073", "0.000000476606648419622241782552", "0.748842035205400149150859", "0.001543953059466428166090169", "0.0"], ["0.2496027704659256692662899", "0.0000004642683142637840742957581", "0.7488097042027197554732068", "0.001587061063040336773436757", "0.0"], ["0.249591608556479981400759", "0.0000004526723866738807169255607", "0.7487761836865999658444278", "0.001631755084533328084289705", "0.0"], ["0.2495800316211806047365225", "0.0000004417923658509860710182945", "0.7487414202406392369678191", "0.001678106345814296428482158", "0.0"], ["0.2495680209375594547275532", "0.0000004316026896316986896021403", "0.7487053576207471730104989", "0.001726189839003732556866416", "0.0"], ["0.249555556781814619241052", "0.0000004220787249040059155224118", "0.7486679365816185697409021", "0.001776084557841884480699797", "0.0"], ["0.2495426183668797926607209", "0.0000004131967595599379878532622", "0.7486290946909180149407602", "0.001827873745442518729154425", "0.0"], ["0.2495291837760603808839938", "0.000000404933995051056363760846", "0.7485887661301662106398609", "0.001881645159778342916488819", "0.0"], ["0.249515229891866904037592", "0.0000003972685396192712070754946", "0.7485468814812195699264025", "0.001937491358373919103672822", "0.0"], ["0.2495007323196411104569376", "0.0000003901794022827276544868759", "0.7485033674971302643417254", "0.001995510003826378256987679", "0.0"], ["0.2494856653055284720312376", "0.0000003836464876647004686520886", "0.7484581468560483257702752", "0.00205580419193545945016926", "0.0"], ["0.2494700016483070881515987", "0.0000003776505917626322573679213", "0.748411137896696468166778", "0.002118482804404596072842166", "0.0"], ["0.2494537126045319813206891", "0.0000003721733987649059241573338", "0.7483622543337923223789454", "0.002183660888276996918750015", "0.0"], ["0.2494367677863966262531122", "0.0000003671974790347316386019861", "0.7483114049516269001051155", "0.002251460064497293004601349", "0.0"], ["0.2494191350516504167879823", "0.0000003627062883939543309024949", "0.7482584932738163076849956", "0.002322008968244737088185048", "0.0"], ["0.2494007803848381925649432", "0.0000003586841688548161855050816", "0.7482034172070210188194224", "0.002395443723971821782824947", "0.0"], ["0.2493816677690471510033333", "0.0000003551163509650997291464883", "0.748146068656194184127471", "0.002471908458407607774636216", "0.0"], ["0.2493617590472534976368866", "0.0000003519889579518935769149679", "0.7480863331086344303196441", "0.002551555855154115734404295", "0.0"], ["0.2493410137722574452679961", "0.0000003492890118719487745420604", "0.7480240891838077890779102", "0.002634547754922836417308802", "0.0"], ["0.2493193890440739773170398", "0.0000003470044420026010785549199", "0.7479592081455478589055261", "0.002721055805936092770701096", "0.0"], ["0.2492968393335135673508411", "0.0000003451240957371963674102548", "0.7478915533728277929874676", "0.002811262169562744338433399", "0.0"], ["0.2492733162905272134842692", "0.0000003436377522834046211198066", "0.747820979784838410694401", "0.002905360286881966392880524", "0.0"], ["0.2492487685357140932465367", "0.0000003425361395026687430275871", "0.7477473332155606675447573", "0.003003555712585596341144817", "0.0"], ["0.2492231414331820425104932", "0.0000003418109542751277894928262", "0.7476704497324088334021492", "0.00310606702345470304758476", "0.0"], ["0.2491963768427133294787578", "0.0000003414548868279111220002923", "0.7475901548928003533594665", "0.00321312680959938670751759", "0.0"], ["0.2491684128489117520156508", "0.0000003414616495270130632361058", "0.7475062629316836793908288", "0.003324982757754965660844174", "0.0"], ["0.249139183464686608058754", "0.0000003418260107057143656058729", "0.7474185758720918238926878", "0.003441898837210861606981948", "0.0"], ["0.2491086183060548592171421", "0.0000003425438341876815593890916", "0.7473268825496670625657379", "0.00356415660044391624858745", "0.0"], ["0.2490766422348054481354517", "0.0000003436121252628877008981626", "0.7472309575407921713479753", "0.003692056612277085305024421", "0.0"], ["0.2490431749650570527281821", "0.0000003450290839922886464928473", "0.7471305599824230186165949", "0.003825920023435786073116505", "0.0"], ["0.2490081306291357765332402", "0.0000003467941668563969816242385", "0.7470254322699079758477528", "0.003966090306789461373951587", "0.0"], ["0.2489714172974876156648525", "0.0000003489081579279423637830165", "0.7469152986169364768222152", "0.004112935177417911671550041", "0.0"], ["0.248932936446493473050512", "0.0000003513732509451894829346433", "0.7467998634592331786746275", "0.004266848721022357788428132", "0.0"], ["0.2488925823670510144960532", "0.0000003541931438969986322658099", "0.7466788096805846207996658", "0.004428253759220419696848782", "0.0"], ["0.2488502415055863812290197", "0.0000003573731480118155696208701", "0.7465517966362030285126972", "0.00459760448506246515517501", "0.0"], ["0.2488057917277235068889145", "0.0000003609203133810512562160943", "0.7464184579441106635264524", "0.004775389407852415378861989", "0.0"], ["0.2487591014931099380136033", "0.0000003648435738560389646306052", "0.7462783990100512702689075", "0.004962134653264868059635893", "0.0"], ["0.2487100289278139584436087", "0.0000003691539143537111723632234", "0.7461311942451847876192228", "0.005158407673086794158510719", "