{"eq_pressures": [["0.249863341672", "0.749590025017", "0.00054663331074"], ["0.249860655548", "0.749581966645", "0.000557377806122"], ["0.249857897091", "0.749573691274", "0.00056841163469"], ["0.249855063892", "0.749565191677", "0.000579744430727"], ["0.249852153448", "0.749556460345", "0.000591386207015"], ["0.249849163157", "0.749547489471", "0.000603347371876"], ["0.249846090313", "0.74953827094", "0.000615638747085"], ["0.249842932103", "0.74952879631", "0.000628271586686"], ["0.249839685601", "0.749519056802", "0.000641257596779"], ["0.249836347761", "0.749509043283", "0.000654608956318"], ["0.249832915415", "0.749498746246", "0.000668338338985"], ["0.249829385266", "0.749488155798", "0.000682458936203"], ["0.24982575388", "0.749477261639", "0.000696984481345"], ["0.249822017681", "0.749466053044", "0.000711929275223"], ["0.249818172947", "0.74945451884", "0.000727308212911"], ["0.249814215797", "0.749442647391", "0.000743136812001"], ["0.249810142189", "0.749430426568", "0.000759431242361"], ["0.249805947911", "0.749417843732", "0.000776208357487"], ["0.249801628568", "0.749404885704", "0.000793485727552"], ["0.249797179581", "0.749391538744", "0.000811281674238"], ["0.249792596173", "0.749377788519", "0.000829615307473"], ["0.249787873359", "0.749363620077", "0.000848506564176"], ["0.249783005938", "0.749349017813", "0.000867976249141"], ["0.24977798848", "0.749333965441", "0.000888046078177"], ["0.249772815319", "0.749318445957", "0.000908738723663"], ["0.249767480534", "0.749302441603", "0.000930077862642"], ["0.249761977943", "0.749285933829", "0.000952088227626"], ["0.249756301085", "0.749268903255", "0.000974795660285"], ["0.249750443208", "0.749251329624", "0.000998227168179"], ["0.249744397254", "0.749233191761", "0.00102241098475"], ["0.249738155842", "0.749214467525", "0.00104737663275"], ["0.249731711252", "0.749195133756", "0.00107315499137"], ["0.249725055408", "0.749175166225", "0.00109977836724"], ["0.249718179858", "0.749154539573", "0.00112728056961"], ["0.249711075753", "0.749133227258", "0.00115569698994"], ["0.249703733828", "0.749111201485", "0.00118506468624"], ["0.249696144382", "0.749088433146", "0.00121542247233"], ["0.249688297247", "0.749064891741", "0.00124681101259"], ["0.249680181769", "0.749040545308", "0.0012792729223"], ["0.249671786781", "0.749015360344", "0.00131285287407"], ["0.249663100572", "0.748989301717", "0.0013475977108"], ["0.249654110859", "0.748962332576", "0.00138355656553"], ["0.249644804753", "0.748934414259", "0.00142078098865"], ["0.249635168729", "0.748905506188", "0.001459325083"], ["0.249625188588", "0.748875565764", "0.00149924564744"], ["0.249614849418", "0.748844548253", "0.00154060232929"], ["0.249604135553", "0.74881240666", "0.00158345778653"], ["0.249593030535", "0.748779091605", "0.00162787786013"], ["0.249581517061", "0.748744551182", "0.00167393175751"], ["0.249569576938", "0.748708730814", "0.0017216922476"], ["0.249557191033", "0.748671573099", "0.00177123586862"], ["0.249544339213", "0.748633017638", "0.00182264314928"], ["0.249531000289", "0.748593000867", "0.00187599884435"], ["0.249517151954", "0.748551455861", "0.00193139218577"], ["0.249502770712", "0.748508312137", "0.0019889171503"], ["0.249487831814", "0.748463495441", "0.00204867274489"], ["0.249472309172", "0.748416927517", "0.00211076331115"], ["0.249456175287", "0.748368525862", "0.00217529885023"], ["0.249439401158", "0.748318203473", "0.00224239536963"], ["0.249421956187", "0.74826586856", "0.0023121752536"], ["0.249403808085", "0.748211424256", "0.00238476765874"], ["0.249384922766", "0.748154768297", "0.00246030893689"], ["0.249365264228", "0.748095792685", "0.00253894308712"], ["0.24934479444", "0.748034383321", "0.00262082223921"], ["0.249323473207", "0.747970419622", "0.00270610717084"], ["0.249301258035", "0.747903774104", "0.00279496786112"], ["0.249278103979", "0.747834311938", "0.00288758408328"], ["0.24925396349", "0.74776189047", "0.00298414603939"], ["0.24922878624", "0.74768635872", "0.00308485504048"], ["0.249202518941", "0.747607556823", "0.00318992423548"], ["0.249175105152", "0.747525315455", "0.00329957939285"], ["0.249146485065", "0.747439455196", "0.00341405973889"], ["0.249116595286", "0.747349785857", "0.00353361885734"], ["0.249085368586", "0.747256105759", "0.00365852565495"], ["0.24905273365", "0.747158200951", "0.00378906539831"], ["0.249018614793", "0.747055844379", "0.0039255408276"], ["0.248982931662", "0.746948794985", "0.00406827335329"], ["0.248945598914", "0.746836796743", "0.00421760434261"], ["0.248906525874", "0.746719577623", "0.00437389650277"], ["0.248865616158", "0.746596848473", "0.0045375353689"], ["0.248822767274", "0.746468301821", "0.00470893090508"], ["0.248777870193", "0.746333610579", "0.00488851922763"], ["0.248730808885", "0.746192426655", "0.00507676446063"], ["0.248681459816", "0.746044379449", "0.00527416073434"], ["0.248629691415", "0.745889074246", "0.00548123433835"], ["0.24857536349", "0.745726090469", "0.00569854604193"], ["0.248518326601", "0.745554979803", "0.00592669359534"], ["0.248458421393", "0.74537526418", "0.00616631442705"], ["0.248395477862", "0.745186433585", "0.00641808855269"], ["0.248329314572", "0.744987943715", "0.00668274171338"], ["0.248259737809", "0.744779213428", "0.00696104876202"], ["0.24818654067", "0.744559622011", "0.00725383731809"], ["0.248109502072", "0.744328506215", "0.0075619917128"], ["0.248028385688", "0.744085157064", "0.00788645724831"], ["0.247942938801", "0.743828816402", "0.00822824479678"], ["0.247852891058", "0.743558673175", "0.00858843576667"], ["0.247757953133", "0.7432738594", "0.0089681874661"], ["0.247657815276", "0.742973445829", "0.00936873889517"], ["0.24755214575", "0.742656437249", "0.00979141700151"], ["0.247440589141", "0.742321767423", "0.0102376434358"], ["0.247322764538", "0.741968293615", "0.0107089418467"], ["0.247198263561", "0.741594790683", "0.0112069457564"], ["0.247066648234", "0.741199944703", "0.0117334070624"], ["0.246927448697", "0.740782346091", "0.0122902052121"], ["0.246780160725", "0.740340482175", "0.0128793570999"], ["0.246624243065", "0.739872729195", "0.0135030277399"], ["0.246459114558", "0.739377343673", "0.014163541769"], ["0.246284151041", "0.738852453122", "0.0148633958372"], ["0.246098682014", "0.738296046042", "0.0156052719441"], ["0.245901987054", "0.737705961163", "0.0163920517832"], ["0.245693291962", "0.737079875885", "0.0172268321534"], ["0.245471764625", "0.736415293875", "0.0181129414995"], ["0.245236510589", "0.735709531768", "0.0190539576427"], ["0.244986568311", "0.734959704932", "0.0200537267569"], ["0.244720904089", "0.734162712267", "0.0211163836443"], ["0.24443840666", "0.733315219981", "0.0222463733589"], ["0.244137881447", "0.73241364434", "0.0234484742133"], ["0.243818044451", "0.731454133352", "0.0247278221973"], ["0.243477515796", "0.730432547387", "0.026089936817"], ["0.243114812914", "0.729344438741", "0.0275407483456"], ["0.242728343387", "0.728185030162", "0.0290866264501"], ["0.242316397468", "0.726949192404", "0.0307344101275"], ["0.241877140289", "0.725631420866", "0.0324914388448"], ["0.241408603818", "0.724225811453", "0.034365584729"], ["0.2409086786", "0.7227260358", "0.0363652855999"], ["0.240375105358", "0.721125316075", "0.0384995785665"], ["0.239805466542", "0.719416399625", "0.0407781338338"], ["0.239197177933", "0.717591533798", "0.0432112882699"], ["0.238547480455", "0.715642441364", "0.0458100781808"], ["0.237853432346", "0.713560297038", "0.048586270616"], ["0.237111901902", "0.711335705705", "0.0515523923939"], ["0.236319561029", "0.708958683087", "0.0547217558834"], ["0.235472879898", "0.706418639693", "0.0581084804096"], ["0.234568123006", "0.703704369017", "0.0617275079779"], ["0.233601347046", "0.700804041138", "0.0655946118166"], ["0.232568400987", "0.697705202962", "0.0697263960502"], ["0.231464928845", "0.694394786535", "0.0741402846205"], ["0.230286375652", "0.690859126955", "0.0788544973931"], ["0.229027997193", "0.687083991579", "0.0838880112278"], ["0.227684874084", "0.683054622252", "0.0892605036635"], ["0.226251930801", "0.678755792402", "0.0949922767974"], ["0.224723960267", "0.674171880801", "0.101104158932"], ["0.223095654588", "0.669286963764", "0.107617381648"], ["0.221361642461", "0.664084927384", "0.114553430154"], ["0.219516533724", "0.658549601172", "0.121933865104"], ["0.217554971368", "0.652664914104", "0.129780114528"], ["0.215471691201", "0.646415073604", "0.138113235194"], ["0.213261589122", "0.639784767366", "0.146953643513"], ["0.210919795726", "0.632759387178", "0.156320817096"], ["0.208441757689", "0.625325273067", "0.166232969244"], ["0.205823325027", "0.617469975082", "0.176706699891"], ["0.203060843015", "0.609182529044", "0.187756627941"], ["0.200151247169", "0.600453741506", "0.199395011325"], ["0.197092159385", "0.591276478156", "0.211631362459"], ["0.193881982983", "0.581645948949", "0.224472068068"], ["0.190519994172", "0.571559982515", "0.237920023314"], ["0.187006427265", "0.561019281795", "0.25197429094"], ["0.18334255089", "0.550027652671", "0.266629796439"], ["0.179530732461", "0.538592197382", "0.281877070157"], ["0.175574488344", "0.526723465031", "0.297702046625"], ["0.171478517431", "0.514435552292", "0.314085930278"], ["0.16724871621", "0.501746148629", "0.331005135162"], ["0.162892173962", "0.488676521885", "0.348431304154"], ["0.158417147268", "0.475251441805", "0.366331410927"], ["0.153833013676", "0.461499041029", "0.384667945295"], ["0.149150205014", "0.447450615043", "0.403399179943"], ["0.144380121501", "0.433140364503", "0.422479513996"], ["0.139535028387", "0.418605085162", "0.44185988645"], ["0.134627937384", "0.403883812151", "0.461488250465"], ["0.129672475544", "0.389017426632", "0.481310097824"], ["0.12468274458", "0.374048233741", "0.501269021678"], ["0.119673173757", "0.359019521272", "0.521307304971"], ["0.11465836956", "0.343975108681", "0.541366521759"], ["0.109652965284", "0.328958895853", "0.561388138862"], ["0.104671473509", "0.314014420526", "0.581314105966"], ["0.0997281441757", "0.299184432527", "0.601087423297"], ["0.094836830685", "0.284510492055", "0.62065267726"], ["0.090010866032", "0.270032598096", "0.639956535872"], ["0.0852629506485", "0.255788851946", "0.658948197406"], ["0.0806050531959", "0.241815159588", "0.677579787216"], ["0.0760483251765", "0.22814497553", "0.695806699294"], ["0.0716030298581", "0.214809089574", "0.713587880567"], ["0.0672784856668", "0.201835457", "0.730886057333"], ["0.0630830239015", "0.189249071704", "0.747667904394"], ["0.0590239603598", "0.17707188108", "0.763904158561"], ["0.055107580245", "0.165322740735", "0.77956967902"], ["0.0513391355441", "0.154017406632", "0.794643457824"], ["0.0477228539321", "0.143168561796", "0.809108584272"], ["0.0442619581527", "0.132785874458", "0.822952167389"], ["0.040958694764", "0.122876084292", "0.836165220944"], ["0.0378143710992", "0.113443113298", "0.848742515603"], ["0.0348293992857", "0.104488197857", "0.860682402857"], ["0.0320033461772", "0.0960100385315", "0.871986615291"], ["0.0293349880879", "0.0880049642636", "0.882660047649"], ["0.0268223692642", "0.0804671077925", "0.892710522943"], ["0.0244628630881", "0.0733885892644", "0.902148547648"], ["0.0222532350756", "0.0667597052268", "0.910987059698"], ["0.0201897068063", "0.0605691204188", "0.919241172775"], ["0.0182680200003", "0.0548040600008", "0.926927919999"], ["0.0164835000365", "0.0494505001094", "0.934065999854"]], "EA": -1.2, "reverse_rates": [["0.0119889949299", "28.237906829", "0.0", "1.09396362227e-07", "0.0", "0.0"], ["0.0109892173708", "26.4310710679", "0.0", "9.6249042898e-08", "0.0", "0.0"], ["0.0100605619063", "24.7209889995", "0.0", "8.45542417364e-08", "0.0", "0.0"], ["0.00919920034263", "23.1039091905", "0.0", "7.41684758568e-08", "0.0", "0.0"], ["0.00840139148809", "21.5761223747", "0.0", "6.49602760999e-08", "0.0", "0.0"], ["0.00766349119811", "20.1339687536", "0.0", "5.68094426415e-08", "0.0", "0.0"], ["0.00698196109654", "18.7738447939", "0.0", "4.96063161143e-08", "0.0", "0.0"], ["0.00635337599887", "17.492209506", "0.0", "4.32510677742e-08", "0.0", "0.0"], ["0.00577443007512", "16.2855901893", "0.0", "3.7653011745e-08", "0.0", "0.0"], ["0.00524194180065", "15.1505876404", "0.0", "3.27299418933e-08", "0.0", "0.0"], ["0.00475285775192", "14.0838808194", "0.0", "2.840749541e-08", "0.0", "0.0"], ["0.00430425531186", "13.0822309775", "0.0", "2.46185447279e-08", "0.0", "0.0"], ["0.0038933443551", "12.1424852521", "0.0", "2.13026189788e-08", "0.0", "0.0"], ["0.0035174679878", "11.2615797397", "0.0", "1.84053558014e-08", "0.0", "0.0"], ["0.00317410241992", "10.4365420592", "0.0", "1.58779839464e-08", "0.0", "0.0"], ["0.00286085604921", "9.66449342314", "0.0", "1.36768368002e-08", "0.0", "0.0"], ["0.002575467837", "8.94265023506", "0.0", "1.17628966533e-08", "0.0", "0.0"], ["0.00231580505502", "8.26832523427", "0.0", "1.01013692846e-08", "0.0", "0.0"], ["0.00207986048132", "7.63892821167", "0.0", "8.66128820787e-09", "0.0", "0.0"], ["0.00186574912065", "7.05196632068", "0.0", "7.41514773994e-09", "0.0", "0.0"], ["0.00167170452205", "6.50504400906", "0.0", "6.33856389327e-09", "0.0", "0.0"], ["0.00149607476249", "5.99586259824", "0.0", "5.40996197014e-09", "0.0", "0.0"], ["0.00133731816167", "5.52221953683", "0.0", "4.61028963877e-09", "0.0", "0.0"], ["0.00119399878854", "5.08200735571", "0.0", "3.92275420053e-09", "0.0", "0.0"], ["0.00106478181556", "4.6732123515", "0.0", "3.33258271027e-09", "0.0", "0.0"], ["0.000948428772119", "4.29391302533", "0.0", "2.82680358553e-09", "0.0", "0.0"], ["0.000843792743609", "3.94227830302", "0.0", "2.39404833293e-09", "0.0", "0.0"], ["0.000749813557931", "3.61656556224", "0.0", "2.0243720284e-09", "0.0", "0.0"], ["0.000665512996636", "3.31511849136", "0.0", "1.70909121052e-09", "0.0", "0.0"], ["0.000589990063253", "3.03636480355", "0.0", "1.44063787992e-09", "0.0", "0.0"], ["0.000522416337082", "2.77881382888", "0.0", "1.21242834094e-09", "0.0", "0.0"], ["0.000462031436579", "2.54105400574", "0.0", "1.01874567252e-09", "0.0", "0.0"], ["0.000408138612576", "2.32175029177", "0.0", "8.54634671673e-10", "0.0", "0.0"], ["0.000360100487968", "2.11964151328", "0.0", "7.15808173425e-10", "0.0", "0.0"], ["0.000317334957155", "1.93353767057", "0.0", "5.98563714222e-10", "0.0", "0.0"], ["0.000279311255466", "1.76231721573", "0.0", "4.99709570645e-10", "0.0", "0.0"], ["0.000245546206022", "1.60492431748", "0.0", "4.16499270305e-10", "0.0", "0.0"], ["0.000215600649021", "1.46036612712", "0.0", "3.46573736435e-10", "0.0", "0.0"], ["0.000189076056164", "1.32771005768", "0.0", "2.87910291179e-10", "0.0", "0.0"], ["0.000165611331057", "1.20608108751", "0.0", "2.38777804123e-10", "0.0", "0.0"], ["0.000144879794663", "1.09465909839", "0.0", "1.97697331989e-10", "0.0", "0.0"], ["0.000126586353445", "0.992676256757", "0.0", "1.63407652013e-10", "0.0", "0.0"], ["0.000110464846602", "0.899414445999", "0.0", "1.34835145273e-10", "0.0", "0.0"], ["9.62755677498e-05", "0.814202756334", "0.0", "1.11067536829e-10", "0.0", "0.0"], ["8.38029555547e-05", "0.736415038102", "0.0", "9.13310469417e-11", "0.0", "0.0"], ["7.28534471687e-05", "0.665467523257", "0.0", "7.49705517548e-11", "0.0", "0.0"], ["6.32534877654e-05", "0.600816519011", "0.0", "6.14323927538e-11", "0.0", "0.0"], ["5.48476891178e-05", "0.541956176833", "0.0", "5.02495120022e-11", "0.0", "0.0"], ["4.74971298852e-05", "0.488416339258", "0.0", "4.10286247893e-11", "0.0", "0.0"], ["4.10777901285e-05", "0.439760466294", "0.0", "3.34391729664e-11", "0.0", "0.0"], ["3.54791125133e-05", "0.395583642636", "0.0", "2.72038310555e-11", "0.0", "0.0"], ["3.06026826804e-05", "0.35551066633", "0.0", "2.20903633423e-11", "0.0", "0.0"], ["2.63610213558e-05", "0.319194219045", "0.0", "1.79046537715e-11", "0.0", "0.0"], ["2.26764809155e-05", "0.286313117665", "0.0", "1.44847517169e-11", "0.0", "0.0"], ["1.94802393172e-05", "0.256570646548", "0.0", "1.16957957721e-11", "0.0", "0.0"], ["1.67113845407e-05", "0.229692969412", "0.0", "9.42569476389e-12", "0.0", "0.0"], ["1.43160829407e-05", "0.205427619557", "0.0", "7.58146040317e-12", "0.0", "0.0"], ["1.22468252006e-05", "0.18354206683", "0.0", "6.08609950278e-12", "0.0", "0.0"], ["1.04617438735e-05", "0.163822359554", "0.0", "4.87598567578e-12", "0.0", "0.0"], ["8.92399680858e-06", "0.146071839434", "0.0", "3.89864101288e-12", "0.0", "0.0"], ["7.60121107662e-06", "0.130109927302", "0.0", "3.11086756721e-12", "0.0", "0.0"], ["6.46498232446e-06", "0.115770977452", "0.0", "2.47717667275e-12", "0.0", "0.0"], ["5.49042480534e-06", "0.1029031982", "0.0", "1.96847130701e-12", "0.0", "0.0"], ["4.65576764115e-06", "0.0913676362486", "0.0", "1.56094298841e-12", "0.0", "0.0"], ["3.94199317611e-06", "0.0810372223686", "0.0", "1.23515017365e-12", "0.0", "0.0"], ["3.33251357522e-06", "0.0717958758938", "0.0", "9.75249880456e-13", "0.0", "0.0"], ["2.81288210397e-06", "0.0635376654977", "0.0", "7.68358390746e-13", "0.0", "0.0"], ["2.37053579675e-06", "0.0561660237352", "0.0", "6.04020461328e-13", "0.0", "0.0"], ["1.99456648001e-06", "0.0495930128391", "0.0", "4.73769552791e-13", "0.0", "0.0"], ["1.67551736139e-06", "0.0437386392923", "0.0", "3.70764241723e-13", "0.0", "0.0"], ["1.40520262736e-06", "0.0385302147369", "0.0", "2.89488261288e-13", "0.0", "0.0"], ["1.17654771007e-06", "0.0339017608249", "0.0", "2.25503568616e-13", "0.0", "0.0"], ["9.8344808782e-07", "0.0297934556711", "0.0", "1.75247507067e-13", "0.0", "0.0"], ["8.20644674574e-07", "0.0261511196323", "0.0", "1.35866555096e-13", "0.0", "0.0"], ["6.83614031199e-07", "0.0229257381996", "0.0", "1.05080364518e-13", "0.0", "0.0"], ["5.68471795804e-07", "0.020073019863", "0.0", "8.10708186733e-14", "0.0", "0.0"], ["4.7188788296e-07", "0.0175529868814", "0.0", "6.23917111097e-14", "0.0", "0.0"], ["3.91012142083e-07", "0.015329596965", "0.0", "4.78953802522e-14", "0.0", "0.0"], ["3.23409294602e-07", "0.0133703939571", "0.0", "3.66732547186e-14", "0.0", "0.0"], ["2.67002088189e-07", "0.0116461856769", "0.0", "2.80077844045e-14", "0.0", "0.0"], ["2.20021714937e-07", "0.0101307471672", "0.0", "2.13336688913e-14", "0.0", "0.0"], ["1.80964639551e-07", "0.00880054766548", "0.0", "1.62066598174e-14", "0.0", "0.0"], ["1.48555073941e-07", "0.00763449969592", "0.0", "1.22785185136e-14", "0.0", "0.0"], ["1.21712416709e-07", "0.00661372875978", "0.0", "9.27696382595e-15", "0.0", "0.0"], ["9.9523050437e-08", "0.00572136217788", "0.0", "6.98965565773e-15", "0.0", "0.0"], ["8.12159570259e-08", "0.00494233572403", "0.0", "5.25143422764e-15", "0.0", "0.0"], ["6.61416721334e-08", "0.00426321677429", "0.0", "3.9341791984e-15", "0.0", "0.0"], ["5.37541544837e-08", "0.00367204279101", "0.0", "2.93877165125e-15", "0.0", "0.0"], ["4.35951950604e-08", "0.00315817405716", "0.0", "2.18873956638e-15", "0.0", "0.0"], ["3.52810353257e-08", "0.00271215966915", "0.0", "1.6252475748e-15", "0.0", "0.0"], ["2.84909031216e-08", "0.00232561587036", "0.0", "1.20315726455e-15", "0.0", "0.0"], ["2.2957210194e-08", "0.00199111584647", "0.0", "8.87937771183e-16", "0.0", "0.0"], ["1.84571867205e-08", "0.00170209010149", "0.0", "6.53249866584e-16", "0.0", "0.0"], ["1.48057561778e-08", "0.00145273650064", "0.0", "4.79062044305e-16", "0.0", "0.0"], ["1.18494786856e-08", "0.0012379390399", "0.0", "3.50185652432e-16", "0.0", "0.0"], ["9.46141293771e-09", "0.00105319441855", "0.0", "2.55139167905e-16", "0.0", "0.0"], ["7.53676625376e-09", "0.000894545573406", "0.0", "1.85270250575e-16", "0.0", "0.0"], ["5.98921944013e-09", "0.000758521466208", "0.0", "1.34079097381e-16", "0.0", "0.0"], ["4.74782825576e-09", "0.000642082561616", "0.0", "9.66985257088e-17", "0.0", "0.0"], ["3.75441655582e-09", "0.000542571553841", "0.0", "6.94957163874e-17", "0.0", "0.0"], ["2.96138782345e-09", "0.000457668974563", "0.0", "4.97681051314e-17", "0.0", "0.0"], ["2.32989197178e-09", "0.000385353346328", "0.0", "3.55119059755e-17", "0.0", "0.0"], ["1.82829317151e-09", "0.000323865549729", "0.0", "2.52464904725e-17", "0.0", "0.0"], ["1.43089218087e-09", "0.000271677066778", "0.0", "1.78815833098e-17", "0.0", "0.0"], ["1.11686336286e-09", "0.000227461759691", "0.0", "1.26171717668e-17", "0.0", "0.0"], ["8.69372389632e-10", "0.000190070849208", "0.0", "8.86832714558e-18", "0.0", "0.0"], ["6.74845665327e-10", "0.00015851077029", "0.0", "6.20893292669e-18", "0.0", "0.0"], ["5.22366842065e-10", "0.000131923603419", "0.0", "4.32971278925e-18", "0.0", "0.0"], ["4.03179545278e-10", "0.000109569803923", "0.0", "3.0070364392e-18", "0.0", "0.0"], ["3.10278640041e-10", "9.08129773162e-05", "0.0", "2.07981987293e-18", "0.0", "0.0"], ["2.38075126582e-10", "7.51064738303e-05", "0.0", "1.43248287745e-18", "0.0", "0.0"], ["1.82122110752e-10", "6.19815989249e-05", "0.0", "9.82422674392e-19", "0.0", "0.0"], ["1.38891306452e-10", "5.10372582837e-05", "0.0", "6.70842150542e-19", "0.0", "0.0"], ["1.05591238537e-10", "4.1930875295e-05", "0.0", "4.56060422525e-19", "0.0", "0.0"], ["8.00197674012e-11", "3.43704364683e-05", "0.0", "3.08653197561e-19", "0.0", "0.0"], ["6.04447863397e-11", "2.8107535763e-05", "0.0", "2.07936631665e-19", "0.0", "0.0"], ["4.55079812824e-11", "2.29313026332e-05", "0.0", "1.39433687374e-19", "0.0", "0.0"], ["3.41474170577e-11", "1.86631109166e-05", "0.0", "9.30560713903e-20", "0.0", "0.0"], ["2.55354489075e-11", "1.51519767148e-05", "0.0", "6.18051900783e-20", "0.0", "0.0"], ["1.90290732273e-11", "1.22705632777e-05", "0.0", "4.08479675489e-20", "0.0", "0.0"], ["1.41303454133e-11", "9.91171977151e-06", "0.0", "2.68622477057e-20", "0.0", "0.0"], ["1.0454920744e-11", "7.98548877145e-06", "0.0", "1.75752213553e-20", "0.0", "0.0"], ["7.70712972309e-12", "6.41652449759e-06", "0.0", "1.14394461711e-20", "0.0", "0.0"], ["5.66029370341e-12", "5.14187026641e-06", "0.0", "7.40650139977e-21", "0.0", "0.0"], ["4.14122967138e-12", "4.10904944735e-06", "0.0", "4.76960335823e-21", "0.0", "0.0"], ["3.01809314392e-12", "3.27442944417e-06", "0.0", "3.05469968085e-21", "0.0", "0.0"], ["2.1908723089e-12", "2.60182292374e-06", "0.0", "1.9454802211e-21", "0.0", "0.0"], ["1.58398084179e-12", "2.06129473562e-06", "0.0", "1.2320007333e-21", "0.0", "0.0"], ["1.14050633996e-12", "1.6281467491e-06", "0.0", "7.75663898428e-22", "0.0", "0.0"], ["8.17760318082e-13", "1.28205621789e-06", "0.0", "4.85474091201e-22", "0.0", "0.0"], ["5.83847801728e-13", "1.0063463041e-06", "0.0", "3.02021976096e-22", "0.0", "0.0"], ["4.1503275609e-13", "7.87370084428e-07", "0.0", "1.86741087346e-22", "0.0", "0.0"], ["2.93722407244e-13", "6.13991753581e-07", "0.0", "1.14740720668e-22", "0.0", "0.0"], ["2.06931046532e-13", "4.77150861257e-07", "0.0", "7.00515467137e-23", "0.0", "0.0"], ["1.45113888234e-13", "3.69497295522e-07", "0.0", "4.24898336917e-23", "0.0", "0.0"], ["1.01285408815e-13", "2.85086380967e-07", "0.0", "2.56013390723e-23", "0.0", "0.0"], ["7.03555113853e-14", "2.19124917172e-07", "0.0", "1.53211847854e-23", "0.0", "0.0"], ["4.86317980975e-14", "1.67760261972e-07", "0.0", "9.10571653931e-24", "0.0", "0.0"], ["3.34479858537e-14", "1.27905683512e-07", "0.0", "5.37361394247e-24", "0.0", "0.0"], ["2.28877095867e-14", "9.70961823929e-08", "0.0", "3.14837254826e-24", "0.0", "0.0"], ["1.55801437178e-14", "7.3369835861e-08", "0.0", "1.83108329304e-24", "0.0", "0.0"], ["1.05494570402e-14", "5.51704543517e-08", "0.0", "1.05697717373e-24", "0.0", "0.0"], ["7.1044377854e-15", "4.12679796171e-08", "0.0", "6.0546628322e-25", "0.0", "0.0"], ["4.757955167e-15", "3.06936049223e-08", "0.0", "3.44120499574e-25", "0.0", "0.0"], ["3.16847759478e-15", "2.26870719041e-08", "0.0", "1.9402367261e-25", "0.0", "0.0"], ["2.09781782258e-15", "1.66540051571e-08", "0.0", "1.08504506986e-25", "0.0", "0.0"], ["1.38075740724e-15", "1.21314929607e-08", "0.0", "6.01745489404e-26", "0.0", "0.0"], ["9.03323977611e-16", "8.76041837349e-09", "0.0", "3.30880222251e-26", "0.0", "0.0"], ["5.87338766196e-16", "6.2632960022e-09", "0.0", "1.80360008165e-26", "0.0", "0.0"], ["3.79484021581e-16", "4.42658214669e-09", "0.0", "9.74400110202e-27", "0.0", "0.0"], ["2.43611051669e-16", "3.08660518369e-09", "0.0", "5.21645802994e-27", "0.0", "0.0"], ["1.55358950773e-16", "2.118413953e-09", "0.0", "2.76672829869e-27", "0.0", "0.0"], ["9.84116719903e-17", "1.4269691964e-09", "0.0", "1.45351028213e-27", "0.0", "0.0"], ["6.19100627451e-17", "9.4021121816e-10", "0.0", "7.56199029776e-28", "0.0", "0.0"], ["3.86733145514e-17", "6.03629981571e-10", "0.0", "3.89514155633e-28", "0.0", "0.0"], ["2.39842502661e-17", "3.76044793758e-10", "0.0", "1.98599976915e-28", "0.0", "0.0"], ["1.47649630489e-17", "2.26369495122e-10", "0.0", "1.00207568376e-28", "0.0", "0.0"], ["9.02099839364e-18", "1.31190163025e-10", "0.0", "5.00242446119e-29", "0.0", "0.0"], ["5.46908950524e-18", "7.30056562014e-11", "0.0", "2.47006940587e-29", "0.0", "0.0"], ["3.28952591047e-18", "3.89726608267e-11", "0.0", "1.20607071474e-29", "0.0", "0.0"], ["1.96257623188e-18", "1.99761093671e-11", "0.0", "5.82175774008e-30", "0.0", "0.0"], ["1.16120556726e-18", "9.85708525264e-12", "0.0", "2.77736000108e-30", "0.0", "0.0"], ["6.81228266904e-19", "4.69999214136e-12", "0.0", "1.30912742451e-30", "0.0", "0.0"], ["3.96173952712e-19", "2.1744136823e-12", "0.0", "6.09500780455e-31", "0.0", "0.0"], ["2.28346625589e-19", "9.79841275537e-13", "0.0", "2.80204974894e-31", "0.0", "0.0"], ["1.30413114368e-19", "4.31452857456e-13", "0.0", "1.27159502374e-31", "0.0", "0.0"], ["7.37845114289e-20", "1.86097014535e-13", "0.0", "5.69443607078e-32", "0.0", "0.0"], ["4.13449310432e-20", "7.87634611583e-14", "0.0", "2.51555731699e-32", "0.0", "0.0"], ["2.29395419487e-20", "3.27475191624e-14", "0.0", "1.09583940379e-32", "0.0", "0.0"], ["1.25991474465e-20", "1.33840040994e-14", "0.0", "4.70577469515e-33", "0.0", "0.0"], ["6.84819576603e-21", "5.37877577976e-15", "0.0", "1.991240311e-33", "0.0", "0.0"], ["3.68273391264e-21", "2.12568247898e-15", "0.0", "8.29957006955e-34", "0.0", "0.0"], ["1.95884469073e-21", "8.26004654214e-16", "0.0", "3.40605707545e-34", "0.0", "0.0"], ["1.03023674449e-21", "3.15524842803e-16", "0.0", "1.37572426103e-34", "0.0", "0.0"], ["5.35609994911e-22", "1.18443487786e-16", "0.0", "5.4664602544e-35", "0.0", "0.0"], ["2.75167600823e-22", "4.36764407584e-17", "0.0", "2.13590346453e-35", "0.0", "0.0"], ["1.39649765701e-22", "1.58144002846e-17", "0.0", "8.20268035192e-36", "0.0", "0.0"], ["6.99889377312e-23", "5.61981775223e-18", "0.0", "3.09470524894e-36", "0.0", "0.0"], ["3.46267148629e-23", "1.9590100088e-18", "0.0", "1.1464492871e-36", "0.0", "0.0"], ["1.69054396711e-23", "6.6952197741e-19", "0.0", "4.16808846067e-37", "0.0", "0.0"], ["8.14159369104e-24", "2.24214882373e-19", "0.0", "1.48638513172e-37", "0.0", "0.0"], ["3.86623489118e-24", "7.35330022222e-20", "0.0", "5.19630799464e-38", "0.0", "0.0"], ["1.80960699995e-24", "2.3602310137e-20", "0.0", "1.7798146621e-38", "0.0", "0.0"], ["8.34472131462e-25", "7.40979575079e-21", "0.0", "5.96909266706e-39", "0.0", "0.0"], ["3.78946468319e-25", "2.27379532507e-21", "0.0", "1.95894534112e-39", "0.0", "0.0"], ["1.69387553479e-25", "6.81541205821e-22", "0.0", "6.28684256192e-40", "0.0", "0.0"], ["7.44926997312e-26", "1.99396939798e-22", "0.0", "1.97171152726e-40", "0.0", "0.0"], ["3.22149096087e-26", "5.68994020812e-23", "0.0", "6.03874645147e-41", "0.0", "0.0"], ["1.36925542774e-26", "1.58242656346e-23", "0.0", "1.80477126253e-41", "0.0", "0.0"], ["5.71689530242e-27", "4.28564086772e-24", "0.0", "5.259389824e-42", "0.0", "0.0"], ["2.34335493983e-27", "1.1293256484e-24", "0.0", "1.49326912384e-42", "0.0", "0.0"], ["9.42456447501e-28", "2.89303070063e-25", "0.0", "4.12731028724e-43", "0.0", "0.0"], ["3.71673913587e-28", "7.19814330073e-26", "0.0", "1.10954141054e-43", "0.0", "0.0"], ["1.43635212156e-28", "1.73782550426e-26", "0.0", "2.89848948602e-44", "0.0", "0.0"], ["5.4358305464e-29", "4.06703031035e-27", "0.0", "7.35086938126e-45", "0.0", "0.0"], ["2.01313123134e-29", "9.21682675938e-28", "0.0", "1.80806024731e-45", "0.0", "0.0"], ["7.29055655658e-30", "2.02044425851e-28", "0.0", "4.30866986286e-46", "0.0", "0.0"], ["2.57987307332e-30", "4.27934877496e-29", "0.0", "9.93706031161e-47", "0.0", "0.0"], ["8.91325344208e-31", "8.74697268578e-30", "0.0", "2.21545748131e-47", "0.0", "0.0"], ["3.0040647347e-31", "1.72324291943e-30", "0.0", "4.76917179876e-48", "0.0", "0.0"]], "pressures": [["0.2498609990228338457982244", "0.000002343275444932827777448921", "0.7495900268948362837205661", "0.0005466308068849548746284492", "-4.652767483917857899786015e-87"], ["0.2498583984054055790676875", "0.000002257756205405221429252569", "0.7495819684848328488675226", "0.0005573753535561734421352979", "3.477575043617528519172863e-108"], ["0.2498557217270759010721925", "0.000002175964828428795519364475", "0.7495736930757129896031356", "0.0005684092323826359419751987", "1.413033231478868335219887e-145"], ["0.2498529665782225301861089", "0.000002097902374976763689951694", "0.7495651934417925208997965", "0.0005797420776099566358882754", "1.426909532732651854247922e-109"], ["0.2498501304425893505127886", "0.000002023581917721232539087365", "0.749556462073521266611659", "0.0005913839019717883057278994", "-5.907231473956463414473641e-81"], ["0.2498472106915354526067866", "0.000001953030030861824635520399", "0.7495474911646987896653244", "0.0006033451137347428990758809", "-6.659356594820600633073155e-173"], ["0.2498442045778461899996318", "0.000001886288502324759648874666", "0.7495382725990456464479996", "0.000615636534605854680344661", "1.120538446002061091030536e-204"], ["0.2498411092290590323752897", "0.00000182341630324659262004034", "0.7495287979360868368540424", "0.0006282694185508695309264579", "8.612089075110242388789493e-100"], ["0.2498379216402509481078872", "0.000001764491855397539959598213", "0.7495190583963190369930916", "0.000641255471574628090523163", "-3.060220413936286914418977e-180"], ["0.2498346386662265834626098", "0.000001709615643925480284626353", "0.7495090448456114763416672", "0.000654606872517948951871767", "5.028702330313425309411356e-230"], ["0.2498312570130371119813469", "0.000001658913230689925547608163", "0.7494987477788033049646154", "0.000668336294928787742873985", "-8.303739806977536395995772e-266"], ["0.2498277732287500263997444", "0.000001612538732714992334274901", "0.7494881573024481739810664", "0.0006824569300690137450925622", "-1.448070471221820847165224e-329"], ["0.2498241836933783325802737", "0.000001570678841167774947359573", "0.7494772631166585011632447", "0.0006969825111219647482089884", "1.409592103449803168557795e-79"], ["0.249820484607863455293944", "0.000001533557469059246842115845", "0.7494660544959974439639707", "0.0007119273386700520410649424", "-2.715150378213281674285994e-94"], ["0.2498166719819900902389564", "0.000001501441130916117124694635", "0.7494545202693629694704003", "0.000727306307515950572327669", "1.136865751657741597141931e-86"], ["0.249812741621093176864244", "0.000001474645175399864008065793", "0.7494426487988056314511354", "0.0007431349349256591261478066", "2.045182382351423634399593e-173"], ["0.2498086891113931283177265", "0.000001453541012745531867313341", "0.7494304279572175723163555", "0.0007594293903765478301788813", "2.285087749493002200198123e-78"], ["0.2498045098037717602026814", "0.00000143856450354446323953333", "0.7494178451048258158024917", "0.0007762065268988719206362791", "1.125035981479824675835716e-126"], ["0.2498001987957692979051251", "0.000001430225704499334688311701", "0.7494048870644213428046372", "0.0007934839141048294968039499", "-3.700457295789564808273909e-72"], ["0.2497957509115475339926323", "0.000001429120201166611552638079", "0.7493915400952461019076399", "0.000811279873005244321194154", "-6.761438731674271674521637e-127"], ["0.2497911606795215705999204", "0.000001435942298359555343566522", "0.7493777898654597420587291", "0.0008296135127203859755325697", "3.405397665449396507125008e-81"], ["0.2497864223073134299638044", "0.000001451500386990083616094388", "0.7493636214231012118230757", "0.0008485047691982649381941755", "-8.232496786331580240873871e-124"], ["0.2497815296536216575381201", "0.000001476734863080948646572652", "0.7493490191654541674178079", "0.000867974446061015331076344", "-2.69095664198536912318835e-153"], ["0.2497764761965308967036405", "0.000001512739042147309567319908", "0.7493339668067191320396231", "0.0008880442577078070906838569", "-6.628648713143383450501343e-194"], ["0.2497712549977051801741638", "0.000001560783592110931300093837", "0.74931844734389177786672", "0.0009087368748109031277880915", "-3.115430734629457837666777e-91"], ["0.2497658586618096962042473", "0.000001622345102727376569153726", "0.7493024430207370802936338", "0.0009300759723504153042215597", "1.028630245189343085216809e-133"], ["0.2497602792903924222904049", "0.000001699139521973405860238277", "0.7492859352897430922758523", "0.0009520862803425627790928821", "4.01143596408960562420364e-166"], ["0.2497545084293201840577162", "0.00000179316132327499858578529", "0.7492689047719302354969065", "0.0009747936374262504193376439", "1.650151073129471388679869e-208"], ["0.2497485370087033812789519", "0.000001906729425779069468471325", "0.7492513312143874811370458", "0.000998225047483350900707866", "-6.476738132925051286930153e-238"], ["0.2497423552740524851531644", "0.000002042541077714681758730078", "0.7492331934453905056949772", "0.001022408739479178571927774", "-5.185681541237402954688086e-286"], ["0.2497359527071839301532865", "0.000002203735135699224905024277", "0.7492144693269588881345749", "0.001047374230721510909713743", "-2.043272340610809700274225e-327"], ["0.2497293179351257781589102", "0.000002393966437000568728643416", "0.7491951357046883361829162", "0.00107315239374888494445797", "0.0"], ["0.2497224386249573025359966", "0.000002617493274699408688602134", "0.7491751683546959132099609", "0.001099775527071927468690257", "0.0"], ["0.2497153013621427391551195", "0.000002879280356001897475190163", "0.7491545419274961308081981", "0.001127277430005110965130157", "0.0"], ["0.2497078915094784239634425", "0.00000318512006148087594859213", "0.7491332298886197146527843", "0.001155693481840364560639439", "0.0"], ["0.2497001930432539318313662", "0.000003541775338923872271698073", "0.7491112044557785672003002", "0.001185060725628527295905556", "0.0"], ["0.2496921883626154890929897", "0.000003957148172150871360206574", "0.7490884365323629653347041", "0.001215417956849397401340899", "0.0"], ["0.2496838580674074123858477", "0.000004440478276131047461170892", "0.7490648956370505396755454", "0.001246805817265928544702905", "0.0"], ["0.2496751806989326388182672", "0.000005002577499169564205807145", "0.7490405498292955155407276", "0.001279266894272737062294661", "0.0"], ["0.2496661324371092584364242", "0.000005656106374986426103744561", "0.7490153656304526895509424", "0.001312845826063004551185711", "0.0"], ["0.2496566867463873735970018", "0.000006415900374991676648776122", "0.7489893079402870509663629", "0.001347589412950587010041485", "0.0"], ["0.2496468139615278407910449", "0.00000729935467342174969516326", "0.7489623399486037429496428", "0.001383546735194963384895108", "0.0"], ["0.2496364808029207815226871", "0.000008326877658117182987311134", "0.7489344230417366072009755", "0.001420769277684461007884301", "0.0"], ["0.249625649809551797433", "0.000009522424989014095386032877", "0.7489055167036225230294499", "0.001459311061836774402106457", "0.0"], ["0.2496142786760340911142603", "0.00001091412769759705942226198", "0.7488755784111950646934141", "0.001499228785073220525603333", "0.0"], ["0.2496023194783699968851524", "0.00001253502957695166257488085", "0.7488445635238407577532211", "0.001540581968212279128921182", "0.0"], ["0.2495897177713914453537976", "0.0000144239508322809450323136", "0.7488124251666711353897126", "0.001583433111105175571266168", "0.0"], ["0.2495764115393225214283844", "0.00001662649647795915208069887", "0.7487791141074014419967554", "0.001627847856798077964885816", "0.0"], ["0.2495623299798739112564413", "0.00001919622901474687392058796", "0.7487445786266658442764663", "0.001673895164445432729013745", "0.0"], ["0.2495473921021255184667924", "0.00002219602509683352489222612", "0.7487087643816669697919056", "0.001721647491110654752306322", "0.0"], ["0.2495315051197776587519298", "0.00002569963460658560907997421", "0.7486716142631527329149182", "0.001771180982463030930630669", "0.0"], ["0.2495145626250155535658076", "0.00002979345693407932420238081", "0.7486330682458488561078457", "0.001822575672201487092620192", "0.0"], ["0.2494964425354588923758467", "0.00003457854209407480895721242", "0.7485930632326588160403", "0.001875915689788213783133004", "0.0"], ["0.2494770048191315437259336", "0.00004017281193433082946434789", "0.7485515328931976236661937", "0.00193128947573645752618939", "0.0"], ["0.2494560890223286842173085", "0.0000467134768623635947985431", "0.7485084074975732278016331", "0.001988790003235793947070094", "0.0"], ["0.2494335116555721179346047", "0.00005435959335920517970347202", "0.7484636137467938848364111", "0.002048515004274733498956022", "0.0"], ["0.2494090635371002772086237", "0.00006329466350459754034358242", "0.7484170746018145404109844", "0.00211056719758053130137436", "0.0"], ["0.2493825072556430924401268", "0.00007372911571492721424213949", "0.7483687091140741426091597", "0.002175054514567894224757148", "0.0"], ["0.2493535749988275904380336", "0.00008590242167846663145635856", "0.7483184322615180882788794", "0.002242090317975746843110615", "0.0"], ["0.249321967103899348159566", "0.0001000844946389839594061823", "0.7482661547956148718566792", "0.002311793605846643379834109", "0.0"], ["0.2492873518245180779749613", "0.0001165758777829481518538567", "0.7482117831069029546654284", "0.002384289190795953824580737", "0.0"], ["0.2492493669669357499378187", "0.0001357060728392836886889591", "0.7481552191193249369832899", "0.002459707840899952932369295", "0.0"], ["0.2492076242172743251238729", "0.0001578291918007464015653222", "0.7480963602272252961405138", "0.002538186363699660184497877", "0.0"], ["0.2491617171304899632201544", "0.0001833159674184798550436812", "0.7480350992937251667279967", "0.002619867608366280292494651", "0.0"], ["0.2491112338318955267961783", "0.0002125410799875070030249289", "0.7479713247356490202439881", "0.002704900352467885763332147", "0.0"], ["0.2490557754199926425579884", "0.0002458648229314740607114588", "0.7479049207287722288833171", "0.002793439028303576992407356", "0.0"], ["0.2489949807581565213853888", "0.0002836084347195613798954173", "0.7478357675786281673451199", "0.002885643228495632186508014", "0.0"], ["0.2489285576973873902398277", "0.0003260230750557573850108205", "0.7477637423173293229244767", "0.002981676910227480079055529", "0.0"], ["0.2488563197037645630171172", "0.0003732534985849942599315103", "0.7476887196070485529348745", "0.003081707190601818265003626", "0.0"], ["0.2487782253768478756277135", "0.000425298975639049941379034", "0.747610573057460657436238", "0.003185902590052296264508942", "0.0"], ["0.2486944165997532558950583", "0.0004819757667323135477160054", "0.7475291770994565504068166", "0.00329443053405777902834344", "0.0"], ["0.2486052494338343172728529", "0.0005428871005283234025661083", "0.7474444096030878045461289", "0.003407453862549507520890787", "0.0"], ["0.2485113109454262626982957", "0.0006074075500971363965374036", "0.7473561554865701186993933", "0.003525126017906449944580965", "0.0"], ["0.2484134155944750055418107", "0.0006746882848469784744051036", "0.7472643116379659913681135", "0.003647584482712134306522982", "0.0"], ["0.2483125771049751894943534", "0.0007436874164021638197552466", "0.7471687935641319442801006", "0.003774941914490555842135855", "0.0"], ["0.2482099558379507478270682", "0.0008132255931796187006460692", "0.7470695442933911767391749", "0.003907274275478533355516524", "0.0"], ["0.248106786826744868445917", "0.0008820619020350997372561913", "0.746966546186339751159735", "0.004044605084880218223616284", "0.0"], ["0.2480042983999416331346462", "0.0009489804145189947691189849", "0