{"eq_pressures": [["0.249863341672", "0.749590025017", "0.00054663331074"], ["0.249860655548", "0.749581966645", "0.000557377806122"], ["0.249857897091", "0.749573691274", "0.00056841163469"], ["0.249855063892", "0.749565191677", "0.000579744430727"], ["0.249852153448", "0.749556460345", "0.000591386207015"], ["0.249849163157", "0.749547489471", "0.000603347371876"], ["0.249846090313", "0.74953827094", "0.000615638747085"], ["0.249842932103", "0.74952879631", "0.000628271586686"], ["0.249839685601", "0.749519056802", "0.000641257596779"], ["0.249836347761", "0.749509043283", "0.000654608956318"], ["0.249832915415", "0.749498746246", "0.000668338338985"], ["0.249829385266", "0.749488155798", "0.000682458936203"], ["0.24982575388", "0.749477261639", "0.000696984481345"], ["0.249822017681", "0.749466053044", "0.000711929275223"], ["0.249818172947", "0.74945451884", "0.000727308212911"], ["0.249814215797", "0.749442647391", "0.000743136812001"], ["0.249810142189", "0.749430426568", "0.000759431242361"], ["0.249805947911", "0.749417843732", "0.000776208357487"], ["0.249801628568", "0.749404885704", "0.000793485727552"], ["0.249797179581", "0.749391538744", "0.000811281674238"], ["0.249792596173", "0.749377788519", "0.000829615307473"], ["0.249787873359", "0.749363620077", "0.000848506564176"], ["0.249783005938", "0.749349017813", "0.000867976249141"], ["0.24977798848", "0.749333965441", "0.000888046078177"], ["0.249772815319", "0.749318445957", "0.000908738723663"], ["0.249767480534", "0.749302441603", "0.000930077862642"], ["0.249761977943", "0.749285933829", "0.000952088227626"], ["0.249756301085", "0.749268903255", "0.000974795660285"], ["0.249750443208", "0.749251329624", "0.000998227168179"], ["0.249744397254", "0.749233191761", "0.00102241098475"], ["0.249738155842", "0.749214467525", "0.00104737663275"], ["0.249731711252", "0.749195133756", "0.00107315499137"], ["0.249725055408", "0.749175166225", "0.00109977836724"], ["0.249718179858", "0.749154539573", "0.00112728056961"], ["0.249711075753", "0.749133227258", "0.00115569698994"], ["0.249703733828", "0.749111201485", "0.00118506468624"], ["0.249696144382", "0.749088433146", "0.00121542247233"], ["0.249688297247", "0.749064891741", "0.00124681101259"], ["0.249680181769", "0.749040545308", "0.0012792729223"], ["0.249671786781", "0.749015360344", "0.00131285287407"], ["0.249663100572", "0.748989301717", "0.0013475977108"], ["0.249654110859", "0.748962332576", "0.00138355656553"], ["0.249644804753", "0.748934414259", "0.00142078098865"], ["0.249635168729", "0.748905506188", "0.001459325083"], ["0.249625188588", "0.748875565764", "0.00149924564744"], ["0.249614849418", "0.748844548253", "0.00154060232929"], ["0.249604135553", "0.74881240666", "0.00158345778653"], ["0.249593030535", "0.748779091605", "0.00162787786013"], ["0.249581517061", "0.748744551182", "0.00167393175751"], ["0.249569576938", "0.748708730814", "0.0017216922476"], ["0.249557191033", "0.748671573099", "0.00177123586862"], ["0.249544339213", "0.748633017638", "0.00182264314928"], ["0.249531000289", "0.748593000867", "0.00187599884435"], ["0.249517151954", "0.748551455861", "0.00193139218577"], ["0.249502770712", "0.748508312137", "0.0019889171503"], ["0.249487831814", "0.748463495441", "0.00204867274489"], ["0.249472309172", "0.748416927517", "0.00211076331115"], ["0.249456175287", "0.748368525862", "0.00217529885023"], ["0.249439401158", "0.748318203473", "0.00224239536963"], ["0.249421956187", "0.74826586856", "0.0023121752536"], ["0.249403808085", "0.748211424256", "0.00238476765874"], ["0.249384922766", "0.748154768297", "0.00246030893689"], ["0.249365264228", "0.748095792685", "0.00253894308712"], ["0.24934479444", "0.748034383321", "0.00262082223921"], ["0.249323473207", "0.747970419622", "0.00270610717084"], ["0.249301258035", "0.747903774104", "0.00279496786112"], ["0.249278103979", "0.747834311938", "0.00288758408328"], ["0.24925396349", "0.74776189047", "0.00298414603939"], ["0.24922878624", "0.74768635872", "0.00308485504048"], ["0.249202518941", "0.747607556823", "0.00318992423548"], ["0.249175105152", "0.747525315455", "0.00329957939285"], ["0.249146485065", "0.747439455196", "0.00341405973889"], ["0.249116595286", "0.747349785857", "0.00353361885734"], ["0.249085368586", "0.747256105759", "0.00365852565495"], ["0.24905273365", "0.747158200951", "0.00378906539831"], ["0.249018614793", "0.747055844379", "0.0039255408276"], ["0.248982931662", "0.746948794985", "0.00406827335329"], ["0.248945598914", "0.746836796743", "0.00421760434261"], ["0.248906525874", "0.746719577623", "0.00437389650277"], ["0.248865616158", "0.746596848473", "0.0045375353689"], ["0.248822767274", "0.746468301821", "0.00470893090508"], ["0.248777870193", "0.746333610579", "0.00488851922763"], ["0.248730808885", "0.746192426655", "0.00507676446063"], ["0.248681459816", "0.746044379449", "0.00527416073434"], ["0.248629691415", "0.745889074246", "0.00548123433835"], ["0.24857536349", "0.745726090469", "0.00569854604193"], ["0.248518326601", "0.745554979803", "0.00592669359534"], ["0.248458421393", "0.74537526418", "0.00616631442705"], ["0.248395477862", "0.745186433585", "0.00641808855269"], ["0.248329314572", "0.744987943715", "0.00668274171338"], ["0.248259737809", "0.744779213428", "0.00696104876202"], ["0.24818654067", "0.744559622011", "0.00725383731809"], ["0.248109502072", "0.744328506215", "0.0075619917128"], ["0.248028385688", "0.744085157064", "0.00788645724831"], ["0.247942938801", "0.743828816402", "0.00822824479678"], ["0.247852891058", "0.743558673175", "0.00858843576667"], ["0.247757953133", "0.7432738594", "0.0089681874661"], ["0.247657815276", "0.742973445829", "0.00936873889517"], ["0.24755214575", "0.742656437249", "0.00979141700151"], ["0.247440589141", "0.742321767423", "0.0102376434358"], ["0.247322764538", "0.741968293615", "0.0107089418467"], ["0.247198263561", "0.741594790683", "0.0112069457564"], ["0.247066648234", "0.741199944703", "0.0117334070624"], ["0.246927448697", "0.740782346091", "0.0122902052121"], ["0.246780160725", "0.740340482175", "0.0128793570999"], ["0.246624243065", "0.739872729195", "0.0135030277399"], ["0.246459114558", "0.739377343673", "0.014163541769"], ["0.246284151041", "0.738852453122", "0.0148633958372"], ["0.246098682014", "0.738296046042", "0.0156052719441"], ["0.245901987054", "0.737705961163", "0.0163920517832"], ["0.245693291962", "0.737079875885", "0.0172268321534"], ["0.245471764625", "0.736415293875", "0.0181129414995"], ["0.245236510589", "0.735709531768", "0.0190539576427"], ["0.244986568311", "0.734959704932", "0.0200537267569"], ["0.244720904089", "0.734162712267", "0.0211163836443"], ["0.24443840666", "0.733315219981", "0.0222463733589"], ["0.244137881447", "0.73241364434", "0.0234484742133"], ["0.243818044451", "0.731454133352", "0.0247278221973"], ["0.243477515796", "0.730432547387", "0.026089936817"], ["0.243114812914", "0.729344438741", "0.0275407483456"], ["0.242728343387", "0.728185030162", "0.0290866264501"], ["0.242316397468", "0.726949192404", "0.0307344101275"], ["0.241877140289", "0.725631420866", "0.0324914388448"], ["0.241408603818", "0.724225811453", "0.034365584729"], ["0.2409086786", "0.7227260358", "0.0363652855999"], ["0.240375105358", "0.721125316075", "0.0384995785665"], ["0.239805466542", "0.719416399625", "0.0407781338338"], ["0.239197177933", "0.717591533798", "0.0432112882699"], ["0.238547480455", "0.715642441364", "0.0458100781808"], ["0.237853432346", "0.713560297038", "0.048586270616"], ["0.237111901902", "0.711335705705", "0.0515523923939"], ["0.236319561029", "0.708958683087", "0.0547217558834"], ["0.235472879898", "0.706418639693", "0.0581084804096"], ["0.234568123006", "0.703704369017", "0.0617275079779"], ["0.233601347046", "0.700804041138", "0.0655946118166"], ["0.232568400987", "0.697705202962", "0.0697263960502"], ["0.231464928845", "0.694394786535", "0.0741402846205"], ["0.230286375652", "0.690859126955", "0.0788544973931"], ["0.229027997193", "0.687083991579", "0.0838880112278"], ["0.227684874084", "0.683054622252", "0.0892605036635"], ["0.226251930801", "0.678755792402", "0.0949922767974"], ["0.224723960267", "0.674171880801", "0.101104158932"], ["0.223095654588", "0.669286963764", "0.107617381648"], ["0.221361642461", "0.664084927384", "0.114553430154"], ["0.219516533724", "0.658549601172", "0.121933865104"], ["0.217554971368", "0.652664914104", "0.129780114528"], ["0.215471691201", "0.646415073604", "0.138113235194"], ["0.213261589122", "0.639784767366", "0.146953643513"], ["0.210919795726", "0.632759387178", "0.156320817096"], ["0.208441757689", "0.625325273067", "0.166232969244"], ["0.205823325027", "0.617469975082", "0.176706699891"], ["0.203060843015", "0.609182529044", "0.187756627941"], ["0.200151247169", "0.600453741506", "0.199395011325"], ["0.197092159385", "0.591276478156", "0.211631362459"], ["0.193881982983", "0.581645948949", "0.224472068068"], ["0.190519994172", "0.571559982515", "0.237920023314"], ["0.187006427265", "0.561019281795", "0.25197429094"], ["0.18334255089", "0.550027652671", "0.266629796439"], ["0.179530732461", "0.538592197382", "0.281877070157"], ["0.175574488344", "0.526723465031", "0.297702046625"], ["0.171478517431", "0.514435552292", "0.314085930278"], ["0.16724871621", "0.501746148629", "0.331005135162"], ["0.162892173962", "0.488676521885", "0.348431304154"], ["0.158417147268", "0.475251441805", "0.366331410927"], ["0.153833013676", "0.461499041029", "0.384667945295"], ["0.149150205014", "0.447450615043", "0.403399179943"], ["0.144380121501", "0.433140364503", "0.422479513996"], ["0.139535028387", "0.418605085162", "0.44185988645"], ["0.134627937384", "0.403883812151", "0.461488250465"], ["0.129672475544", "0.389017426632", "0.481310097824"], ["0.12468274458", "0.374048233741", "0.501269021678"], ["0.119673173757", "0.359019521272", "0.521307304971"], ["0.11465836956", "0.343975108681", "0.541366521759"], ["0.109652965284", "0.328958895853", "0.561388138862"], ["0.104671473509", "0.314014420526", "0.581314105966"], ["0.0997281441757", "0.299184432527", "0.601087423297"], ["0.094836830685", "0.284510492055", "0.62065267726"], ["0.090010866032", "0.270032598096", "0.639956535872"], ["0.0852629506485", "0.255788851946", "0.658948197406"], ["0.0806050531959", "0.241815159588", "0.677579787216"], ["0.0760483251765", "0.22814497553", "0.695806699294"], ["0.0716030298581", "0.214809089574", "0.713587880567"], ["0.0672784856668", "0.201835457", "0.730886057333"], ["0.0630830239015", "0.189249071704", "0.747667904394"], ["0.0590239603598", "0.17707188108", "0.763904158561"], ["0.055107580245", "0.165322740735", "0.77956967902"], ["0.0513391355441", "0.154017406632", "0.794643457824"], ["0.0477228539321", "0.143168561796", "0.809108584272"], ["0.0442619581527", "0.132785874458", "0.822952167389"], ["0.040958694764", "0.122876084292", "0.836165220944"], ["0.0378143710992", "0.113443113298", "0.848742515603"], ["0.0348293992857", "0.104488197857", "0.860682402857"], ["0.0320033461772", "0.0960100385315", "0.871986615291"], ["0.0293349880879", "0.0880049642636", "0.882660047649"], ["0.0268223692642", "0.0804671077925", "0.892710522943"], ["0.0244628630881", "0.0733885892644", "0.902148547648"], ["0.0222532350756", "0.0667597052268", "0.910987059698"], ["0.0201897068063", "0.0605691204188", "0.919241172775"], ["0.0182680200003", "0.0548040600008", "0.926927919999"], ["0.0164835000365", "0.0494505001094", "0.934065999854"]], "EA": -0.6, "reverse_rates": [["0.000387654029996", "2.62057018919", "0.0", "4.60519880121e-06", "0.0", "0.0"], ["0.000376533549156", "2.51913646904", "0.0", "4.40363998397e-06", "0.0", "0.0"], ["0.000365658818072", "2.42097320543", "0.0", "4.2095927117e-06", "0.0", "0.0"], ["0.000355026206894", "2.32599817228", "0.0", "4.02282996487e-06", "0.0", "0.0"], ["0.00034463210516", "2.2341305294", "0.0", "3.84312976854e-06", "0.0", "0.0"], ["0.000334472922138", "2.1452908148", "0.0", "3.67027513111e-06", "0.0", "0.0"], ["0.000324545087181", "2.05940093675", "0.0", "3.50405398255e-06", "0.0", "0.0"], ["0.000314845050072", "1.97638416567", "0.0", "3.34425911241e-06", "0.0", "0.0"], ["0.000305369281368", "1.89616512571", "0.0", "3.19068810753e-06", "0.0", "0.0"], ["0.000296114272744", "1.81866978618", "0.0", "3.04314328935e-06", "0.0", "0.0"], ["0.000287076537335", "1.74382545277", "0.0", "2.90143165108e-06", "0.0", "0.0"], ["0.000278252610072", "1.67156075846", "0.0", "2.76536479454e-06", "0.0", "0.0"], ["0.000269639048023", "1.60180565431", "0.0", "2.63475886678e-06", "0.0", "0.0"], ["0.000261232430724", "1.53449140003", "0.0", "2.50943449652e-06", "0.0", "0.0"], ["0.000253029360508", "1.46955055427", "0.0", "2.38921673038e-06", "0.0", "0.0"], ["0.000245026462841", "1.40691696477", "0.0", "2.27393496896e-06", "0.0", "0.0"], ["0.00023722038664", "1.34652575831", "0.0", "2.16342290276e-06", "0.0", "0.0"], ["0.000229607804602", "1.28831333039", "0.0", "2.05751844802e-06", "0.0", "0.0"], ["0.000222185413518", "1.23221733482", "0.0", "1.95606368236e-06", "0.0", "0.0"], ["0.000214949934595", "1.178176673", "0.0", "1.85890478048e-06", "0.0", "0.0"], ["0.000207898113764", "1.12613148311", "0.0", "1.76589194971e-06", "0.0", "0.0"], ["0.000201026721993", "1.07602312905", "0.0", "1.67687936552e-06", "0.0", "0.0"], ["0.00019433255559", "1.02779418921", "0.0", "1.59172510708e-06", "0.0", "0.0"], ["0.000187812436507", "0.981388445078", "0.0", "1.51029109279e-06", "0.0", "0.0"], ["0.000181463212636", "0.936750869678", "0.0", "1.43244301585e-06", "0.0", "0.0"], ["0.000175281758102", "0.893827615792", "0.0", "1.35805027985e-06", "0.0", "0.0"], ["0.000169264973553", "0.852566004061", "0.0", "1.28698593452e-06", "0.0", "0.0"], ["0.000163409786448", "0.812914510901", "0.0", "1.2191266115e-06", "0.0", "0.0"], ["0.000157713151332", "0.774822756267", "0.0", "1.15435246024e-06", "0.0", "0.0"], ["0.000152172050112", "0.73824149126", "0.0", "1.09254708412e-06", "0.0", "0.0"], ["0.000146783492332", "0.703122585587", "0.0", "1.03359747661e-06", "0.0", "0.0"], ["0.000141544515434", "0.669419014874", "0.0", "9.77393957713e-07", "0.0", "0.0"], ["0.000136452185021", "0.637084847839", "0.0", "9.23830110595e-07", "0.0", "0.0"], ["0.000131503595109", "0.606075233332", "0.0", "8.72802718425e-07", "0.0", "0.0"], ["0.000126695868378", "0.576346387245", "0.0", "8.24211701479e-07", "0.0", "0.0"], ["0.000122026156419", "0.547855579293", "0.0", "7.77960054523e-07", "0.0", "0.0"], ["0.000117491639965", "0.520561119678", "0.0", "7.33953784485e-07", "0.0", "0.0"], ["0.00011308952913", "0.494422345642", "0.0", "6.92101848445e-07", "0.0", "0.0"], ["0.000108817063629", "0.469399607903", "0.0", "6.5231609196e-07", "0.0", "0.0"], ["0.000104671513003", "0.445454256999", "0.0", "6.14511187749e-07", "0.0", "0.0"], ["0.000100650176828", "0.422548629518", "0.0", "5.7860457476e-07", "0.0", "0.0"], ["9.67503849267e-05", "0.400646034255", "0.0", "5.44516397628e-07", "0.0", "0.0"], ["9.29694975627e-05", "0.379710738266", "0.0", "5.12169446555e-07", "0.0", "0.0"], ["8.93049056385e-05", "0.359707952851", "0.0", "4.81489097637e-07", "0.0", "0.0"], ["8.57540308802e-05", "0.34060381946", "0.0", "4.52403253631e-07", "0.0", "0.0"], ["8.2314326017e-05", "0.322365395527", "0.0", "4.24842285219e-07", "0.0", "0.0"], ["7.89832749532e-05", "0.304960640251", "0.0", "3.98738972752e-07", "0.0", "0.0"], ["7.57583929333e-05", "0.288358400306", "0.0", "3.74028448519e-07", "0.0", "0.0"], ["7.26372266991e-05", "0.272528395515", "0.0", "3.50648139542e-07", "0.0", "0.0"], ["6.96173546391e-05", "0.25744120447", "0.0", "3.28537710923e-07", "0.0", "0.0"], ["6.66963869305e-05", "0.24306825012", "0.0", "3.07639009761e-07", "0.0", "0.0"], ["6.38719656731e-05", "0.229381785325", "0.0", "2.87896009647e-07", "0.0", "0.0"], ["6.11417650153e-05", "0.216354878386", "0.0", "2.69254755768e-07", "0.0", "0.0"], ["5.85034912714e-05", "0.203961398555", "0.0", "2.51663310619e-07", "0.0", "0.0"], ["5.59548830315e-05", "0.192176001534", "0.0", "2.35071700353e-07", "0.0", "0.0"], ["5.34937112616e-05", "0.180974114969", "0.0", "2.19431861774e-07", "0.0", "0.0"], ["5.11177793969e-05", "0.170331923941", "0.0", "2.04697589995e-07", "0.0", "0.0"], ["4.88249234243e-05", "0.160226356472", "0.0", "1.90824486769e-07", "0.0", "0.0"], ["4.66130119577e-05", "0.150635069034", "0.0", "1.7776990951e-07", "0.0", "0.0"], ["4.44799463036e-05", "0.141536432085", "0.0", "1.65492921018e-07", "0.0", "0.0"], ["4.24236605171e-05", "0.132909515636", "0.0", "1.53954239909e-07", "0.0", "0.0"], ["4.04421214493e-05", "0.124734074836", "0.0", "1.43116191787e-07", "0.0", "0.0"], ["3.85333287848e-05", "0.116990535616", "0.0", "1.32942661137e-07", "0.0", "0.0"], ["3.66953150694e-05", "0.109659980361", "0.0", "1.23399043977e-07", "0.0", "0.0"], ["3.49261457282e-05", "0.10272413365", "0.0", "1.1445220126e-07", "0.0", "0.0"], ["3.32239190735e-05", "0.0961653480418", "0.0", "1.06070413051e-07", "0.0", "0.0"], ["3.15867663023e-05", "0.0899665899333", "0.0", "9.8223333476e-08", "0.0", "0.0"], ["3.00128514835e-05", "0.0841114254888", "0.0", "9.08819464507e-08", "0.0", "0.0"], ["2.8500371534e-05", "0.078584006644", "0.0", "8.40185222102e-08", "0.0", "0.0"], ["2.70475561842e-05", "0.0733690571954", "0.0", "7.76065746308e-08", "0.0", "0.0"], ["2.56526679316e-05", "0.0684518589794", "0.0", "7.16208193588e-08", "0.0", "0.0"], ["2.43140019834e-05", "0.0638182381467", "0.0", "6.60371327488e-08", "0.0", "0.0"], ["2.30298861864e-05", "0.0594545515385", "0.0", "6.08325116185e-08", "0.0", "0.0"], ["2.17986809448e-05", "0.0553476731701", "0.0", "5.59850338224e-08", "0.0", "0.0"], ["2.06187791251e-05", "0.0514849808275", "0.0", "5.14738196484e-08", "0.0", "0.0"], ["1.94886059475e-05", "0.0478543427829", "0.0", "4.72789940408e-08", "0.0", "0.0"], ["1.84066188635e-05", "0.0444441046339", "0.0", "4.33816496525e-08", "0.0", "0.0"], ["1.73713074192e-05", "0.0412430762727", "0.0", "3.97638107258e-08", "0.0", "0.0"], ["1.63811931024e-05", "0.03824051899", "0.0", "3.64083978054e-08", "0.0", "0.0"], ["1.54348291755e-05", "0.0354261327181", "0.0", "3.32991932823e-08", "0.0", "0.0"], ["1.45308004899e-05", "0.0327900434195", "0.0", "3.04208077689e-08", "0.0", "0.0"], ["1.36677232839e-05", "0.0303227906247", "0.0", "2.77586473045e-08", "0.0", "0.0"], ["1.28442449621e-05", "0.0280153151245", "0.0", "2.52988813892e-08", "0.0", "0.0"], ["1.2059043854e-05", "0.0258589468207", "0.0", "2.30284118445e-08", "0.0", "0.0"], ["1.13108289536e-05", "0.0238453927404", "0.0", "2.09348424982e-08", "0.0", "0.0"], ["1.05983396358e-05", "0.021966725217", "0.0", "1.90064496892e-08", "0.0", "0.0"], ["9.92034534989e-06", "0.0202153702437", "0.0", "1.72321535898e-08", "0.0", "0.0"], ["9.27564528902e-06", "0.0185840960007", "0.0", "1.56014903403e-08", "0.0", "0.0"], ["8.66306803313e-06", "0.0170660015633", "0.0", "1.41045849914e-08", "0.0", "0.0"], ["8.08147116488e-06", "0.0156545057909", "0.0", "1.27321252487e-08", "0.0", "0.0"], ["7.52974085673e-06", "0.0143433364033", "0.0", "1.1475336015e-08", "0.0", "0.0"], ["7.00679142783e-06", "0.0131265192461", "0.0", "1.03259547213e-08", "0.0", "0.0"], ["6.51156486949e-06", "0.0119983677483", "0.0", "9.27620744366e-09", "0.0", "0.0"], ["6.0430303378e-06", "0.010953472576", "0.0", "8.31878579588e-09", "0.0", "0.0"], ["5.60018361268e-06", "0.00998669148448", "0.0", "7.44682459228e-09", "0.0", "0.0"], ["5.18204652235e-06", "0.00909313937211", "0.0", "6.65388027262e-09", "0.0", "0.0"], ["4.78766633292e-06", "0.00826817853785", "0.0", "5.93391008095e-09", "0.0", "0.0"], ["4.41611510329e-06", "0.00750740914628", "0.0", "5.28125199038e-09", "0.0", "0.0"], ["4.06648900588e-06", "0.00680665990209", "0.0", "4.690605365e-09", "0.0", "0.0"], ["3.73790761465e-06", "0.0061619789368", "0.0", "4.15701234994e-09", "0.0", "0.0"], ["3.42951316282e-06", "0.00556962491054", "0.0", "3.67583998048e-09", "0.0", "0.0"], ["3.14046977353e-06", "0.00502605833135", "0.0", "3.24276300023e-09", "0.0", "0.0"], ["2.86996266806e-06", "0.00452793309482", "0.0", "2.85374737832e-09", "0.0", "0.0"], ["2.61719735768e-06", "0.00407208824687", "0.0", "2.50503451494e-09", "0.0", "0.0"], ["2.38139882652e-06", "0.00365553997234", "0.0", "2.19312612379e-09", "0.0", "0.0"], ["2.16181071501e-06", "0.00327547381237", "0.0", "1.91476977943e-09", "0.0", "0.0"], ["1.95769451473e-06", "0.00292923711357", "0.0", "1.66694511665e-09", "0.0", "0.0"], ["1.76832878793e-06", "0.00261433171199", "0.0", "1.44685066795e-09", "0.0", "0.0"], ["1.5930084268e-06", "0.00232840685493", "0.0", "1.25189132399e-09", "0.0", "0.0"], ["1.43104396933e-06", "0.00206925236391", "0.0", "1.07966640085e-09", "0.0", "0.0"], ["1.28176099078e-06", "0.00183479204186", "0.0", "9.27958296261e-10", "0.0", "0.0"], ["1.14449959113e-06", "0.00162307732775", "0.0", "7.94721715611e-10", "0.0", "0.0"], ["1.01861400043e-06", "0.00143228120196", "0.0", "6.78073446803e-10", "0.0", "0.0"], ["9.03472324719e-07", "0.00126069234535", "0.0", "5.76282661475e-10", "0.0", "0.0"], ["7.98456455664e-07", "0.00110670955507", "0.0", "4.87761718348e-10", "0.0", "0.0"], ["7.02962166558e-07", "0.000968836419842", "0.0", "4.11057442849e-10", "0.0", "0.0"], ["6.16399415739e-07", "0.000845676256663", "0.0", "3.44842855435e-10", "0.0", "0.0"], ["5.38192875305e-07", "0.000735927309863", "0.0", "2.87909319318e-10", "0.0", "0.0"], ["4.67782696965e-07", "0.000638378210927", "0.0", "2.39159076143e-10", "0.0", "0.0"], ["4.04625516487e-07", "0.0005519036929", "0.0", "1.97598135401e-10", "0.0", "0.0"], ["3.48195680501e-07", "0.000475460544933", "0.0", "1.62329479263e-10", "0.0", "0.0"], ["2.97986650569e-07", "0.000408083778434", "0.0", "1.32546538685e-10", "0.0", "0.0"], ["2.53512494786e-07", "0.00034888295425", "0.0", "1.07526888602e-10", "0.0", "0.0"], ["2.14309313931e-07", "0.000297038589196", "0.0", "8.66261012054e-11", "0.0", "0.0"], ["1.79936371636e-07", "0.000251798523265", "0.0", "6.92716902593e-11", "0.0", "0.0"], ["1.49976626507e-07", "0.000212474097416", "0.0", "5.49570847417e-11", "0.0", "0.0"], ["1.24036344108e-07", "0.000178435989658", "0.0", "4.32355992875e-11", "0.0", "0.0"], ["1.01743565602e-07", "0.000149109616971", "0.0", "3.37144338659e-11", "0.0", "0.0"], ["8.27454845591e-08", "0.000123970156108", "0.0", "2.60488339744e-11", "0.0", "0.0"], ["6.67052124578e-08", "0.000102537449615", "0.0", "1.99366443362e-11", "0.0", "0.0"], ["5.32988358559e-08", "8.43712598945e-05", "0.0", "1.51135324003e-11", "0.0", "0.0"], ["4.2213818754e-08", "6.90673880774e-05", "0.0", "1.13490839767e-11", "0.0", "0.0"], ["3.314948766e-08", "5.62550055896e-05", "0.0", "8.44378116785e-12", "0.0", "0.0"], ["2.58196281302e-08", "4.55952047148e-05", "0.0", "6.22664571032e-12", "0.0", "0.0"], ["1.99564671744e-08", "3.6780427217e-05", "0.0", "4.55318937843e-12", "0.0", "0.0"], ["1.53148958662e-08", "2.95342433089e-05", "0.0", "3.30332635503e-12", "0.0", "0.0"], ["1.16758489812e-08", "2.36109809133e-05", "0.0", "2.37904284553e-12", "0.0", "0.0"], ["8.84816971703e-09", "1.87948808609e-05", "0.0", "1.70179747747e-12", "0.0", "0.0"], ["6.66878911056e-09", "1.48986660707e-05", "0.0", "1.20976062044e-12", "0.0", "0.0"], ["5.00143847643e-09", "1.176157954e-05", "0.0", "8.55058317392e-13", "0.0", "0.0"], ["3.73431328363e-09", "9.2470380552e-06", "0.0", "6.01177815835e-13", "0.0", "0.0"], ["2.77714224857e-09", "7.2400752622e-06", "0.0", "4.20646506689e-13", "0.0", "0.0"], ["2.05805000082e-09", "5.64473291638e-06", "0.0", "2.9304204513e-13", "0.0", "0.0"], ["1.52049606301e-09", "4.38152506672e-06", "0.0", "2.03345308074e-13", "0.0", "0.0"], ["1.12046707289e-09", "3.38506171252e-06", "0.0", "1.40615973287e-13", "0.0", "0.0"], ["8.24012588614e-10", "2.60188412747e-06", "0.0", "9.69526333014e-14", "0.0", "0.0"], ["6.05152789454e-10", "1.98853672169e-06", "0.0", "6.66923323791e-14", "0.0", "0.0"], ["4.44146786386e-10", "1.50988038691e-06", "0.0", "4.58045416322e-14", "0.0", "0.0"], ["3.26088131511e-10", "1.13763883396e-06", "0.0", "3.1438737367e-14", "0.0", "0.0"], ["2.39784219529e-10", "8.49161148039e-07", "0.0", "2.15906810282e-14", "0.0", "0.0"], ["1.76874198069e-10", "6.26379314664e-07", "0.0", "1.48588007494e-14", "0.0", "0.0"], ["1.31142459541e-10", "4.54937651951e-07", "0.0", "1.02679577584e-14", "0.0", "0.0"], ["9.79895272569e-11", "3.23470987395e-07", "0.0", "7.14298231123e-15", "0.0", "0.0"], ["7.40277441637e-11", "2.23009311466e-07", "0.0", "5.0185784381e-15", "0.0", "0.0"], ["5.6774782528e-11", "1.46487953725e-07", "0.0", "3.57556111837e-15", "0.0", "0.0"], ["4.44231285216e-11", "8.83437156991e-08", "0.0", "2.59600428182e-15", "0.0", "0.0"], ["3.56674332486e-11", "4.41810585731e-08", "0.0", "1.93183083584e-15", "0.0", "0.0"], ["2.9531894927e-11", "1.06667392379e-08", "0.0", "1.48071344993e-15", "0.0", "0.0"], ["2.17133921825e-11", "7.58498313126e-10", "0.0", "1.0066048824e-15", "0.0", "0.0"], ["1.48026560309e-11", "2.44457928808e-10", "0.0", "6.33693309006e-16", "0.0", "0.0"], ["1.0005662442e-11", "9.57160241114e-11", "0.0", "3.95036102844e-16", "0.0", "0.0"], ["6.71640373752e-12", "3.96890256057e-11", "0.0", "2.44235621903e-16", "0.0", "0.0"], ["4.47813439779e-12", "1.68094816198e-11", "0.0", "1.49784343763e-16", "0.0", "0.0"], ["2.96559033922e-12", "7.16377441672e-12", "0.0", "9.11126979981e-17", "0.0", "0.0"], ["1.9504367346e-12", "3.04858034119e-12", "0.0", "5.49647811235e-17", "0.0", "0.0"], ["1.27379176043e-12", "1.28962697779e-12", "0.0", "3.2878118823e-17", "0.0", "0.0"], ["8.25928137867e-13", "5.40730425971e-13", "0.0", "1.94967278269e-17", "0.0", "0.0"], ["5.31605416457e-13", "2.2427281181e-13", "0.0", "1.14593071535e-17", "0.0", "0.0"], ["3.39595259834e-13", "9.1878441792e-14", "0.0", "6.67423614882e-18", "0.0", "0.0"], ["2.15266739411e-13", "3.71364381658e-14", "0.0", "3.85116123874e-18", "0.0", "0.0"], ["1.35378525393e-13", "1.4795843054e-14", "0.0", "2.20102475755e-18", "0.0", "0.0"], ["8.44483378566e-14", "5.80627321645e-15", "0.0", "1.24564208668e-18", "0.0", "0.0"], ["5.2240622737e-14", "2.24274451447e-15", "0.0", "6.9788614711e-19", "0.0", "0.0"], ["3.20409470712e-14", "8.5215649943e-16", "0.0", "3.86974537948e-19", "0.0", "0.0"], ["1.94796999376e-14", "3.18320790828e-16", "0.0", "2.12307744353e-19", "0.0", "0.0"], ["1.1736414609e-14", "1.16835452987e-16", "0.0", "1.15215114209e-19", "0.0", "0.0"], ["7.00579245996e-15", "4.2112407435e-17", "0.0", "6.18276895904e-20", "0.0", "0.0"], ["4.14224701805e-15", "1.48981777911e-17", "0.0", "3.2798299835e-20", "0.0", "0.0"], ["2.42524479943e-15", "5.17014918509e-18", "0.0", "1.71938851352e-20", "0.0", "0.0"], ["1.40570925283e-15", "1.75903388605e-18", "0.0", "8.90441306528e-21", "0.0", "0.0"], ["8.0636290428e-16", "5.86400707549e-19", "0.0", "4.55400723947e-21", "0.0", "0.0"], ["4.57646945766e-16", "1.91427417778e-19", "0.0", "2.29922730373e-21", "0.0", "0.0"], ["2.5689776542e-16", "6.1155374856e-20", "0.0", "1.14552956523e-21", "0.0", "0.0"], ["1.42586750954e-16", "1.91076710684e-20", "0.0", "5.62985007947e-22", "0.0", "0.0"], ["7.82241446219e-17", "5.834919179e-21", "0.0", "2.72820251197e-22", "0.0", "0.0"], ["4.2402657e-17", "1.74026755567e-21", "0.0", "1.30305151933e-22", "0.0", "0.0"], ["2.27026992693e-17", "5.06570036078e-22", "0.0", "6.13140815228e-23", "0.0", "0.0"], ["1.20013236626e-17", "1.43807270218e-22", "0.0", "2.84101208963e-23", "0.0", "0.0"], ["6.2614686608e-18", "3.97834358462e-23", "0.0", "1.29566405671e-23", "0.0", "0.0"], ["3.22284670033e-18", "1.0716475481e-23", "0.0", "5.8130190354e-24", "0.0", "0.0"], ["1.63580985942e-18", "2.80842729471e-24", "0.0", "2.56433892984e-24", "0.0", "0.0"], ["8.18391459806e-19", "7.15407567813e-25", "0.0", "1.1116757083e-24", "0.0", "0.0"], ["4.03386510674e-19", "1.76979958862e-25", "0.0", "4.73330270482e-25", "0.0", "0.0"], ["1.95795043918e-19", "4.24774567345e-26", "0.0", "1.97823382575e-25", "0.0", "0.0"], ["9.35364100455e-20", "9.88148038224e-27", "0.0", "8.11055372792e-26", "0.0", "0.0"], ["4.39569053028e-20", "2.22566811457e-27", "0.0", "3.25989265265e-26", "0.0", "0.0"], ["2.03094979754e-20", "4.84840549665e-28", "0.0", "1.28364140429e-26", "0.0", "0.0"], ["9.22028033519e-21", "1.02033114903e-28", "0.0", "4.94841468992e-27", "0.0", "0.0"], ["4.11052603712e-21", "2.07189433248e-29", "0.0", "1.8661673211e-27", "0.0", "0.0"], ["1.79838267814e-21", "4.05447435009e-30", "0.0", "6.87958715018e-28", "0.0", "0.0"]], "pressures": [["0.2498610418718672715754992", "0.0000022951644283853709168808", "0.7495900111088869186818001", "0.000546651854817434864254985", "0.0"], ["0.2498584468768039007445555", "0.000002203743212167519663975692", "0.7495819518600481007928271", "0.0005573975199357981543915324", "0.0"], ["0.2498557764661159789664252", "0.000002115387717660932012935917", "0.7495736755615009196447367", "0.0005684325846654151511795972", "0.0"], ["0.2498530283098567388359328", "0.000002030018194000686054190462", "0.7495651749841522185659611", "0.0005797666877970061524299369", "0.0"], ["0.2498501999820035691966374", "0.000001947556259298671170169799", "0.7495564426147886550041869", "0.0005914098469485046025328587", "0.0"], ["0.2498472889561959410707232", "0.000001867924894580634524495373", "0.7495474706432714114369337", "0.0006033724756379712313498127", "0.0"], ["0.2498442926012571614526214", "0.000001791048437418240987286523", "0.7495382509490838411762129", "0.0006156654012216409422067397", "0.0"], ["0.2498412081764883405876593", "0.000001716852575258293006455865", "0.7495287750871907966423074", "0.0006282998837456306914193979", "0.0"], ["0.2498380328267208131585281", "0.000001645264338451756907557923", "0.7495190342731777946975321", "0.0006412876357629063422718253", "0.0"], ["0.2498347635771144721111326", "0.000001576212092985235700422237", "0.7495090193676223215288152", "0.00065464084317023933761318", "0.0"], ["0.2498313973276862927669118", "0.000001509625532917736217195522", "0.7494987208596575309007725", "0.0006683721871233183033684575", "0.0"], ["0.2498279308475545356430425", "0.000001445435672525922215919596", "0.7494881288496811345007018", "0.0006824948670917930792740389", "0.0"], ["0.2498243607688818514885138", "0.000001383574838161017412193222", "0.7494772330311600374401048", "0.0006970226251199174977366986", "0.0"], ["0.2498206835804995354762735", "0.000001323976659820937862524719", "0.7494660226714779697298571", "0.0007119697713626071871291759", "0.0"], ["0.2498168956211947842773731", "0.000001266576062441231881963911", "0.7494544865917716268330487", "0.0007273512109711115380167633", "0.0"], ["0.2498129930726412826775142", "0.000001211309256908780537009956", "0.7494426131456944755439012", "0.0007431824724072966857775251", "0.0"], ["0.2498089719519515750275743", "0.000001158113730802267700923371", "0.749430390197047082628907", "0.000759479737270534867837488", "0.0"], ["0.2498048281038294898298796", "0.000001106928238863757041392283", "0.7494178050962049626205175", "0.000776259871726628469252127", "0.0"], ["0.2498005571922983077955821", "0.000001057692793205768413378763", "0.7494048446552744917772804", "0.0007935404596339761288330973", "0.0"], ["0.249796154691979641140292", "0.000001010348653258629176723551", "0.7493914951218986993084059", "0.0008113398374684051188690789", "0.0"], ["0.2497916158788958652814654", "0.0000009648383154629140781892881", "0.7493777421516339360849452", "0.0008296771311546628673658315", "0.0"], ["0.2497869358207673641037303", "0.0000009211055027120793782663092", "0.7493635707788101803245115", "0.0008485722949197362194999364", "0.0"], ["0.2497821093667737757711468", "0.0000008790951535506155709147537", "0.7493489653857819309295352", "0.0008680461522906971605857536", "0.0"], ["0.2497771311367468830486816", "0.0000008387534111331780575202967", "0.7493339096704740486333877", "0.0008881204393679938808189205", "0.0"], ["0.2497719955097596279281755", "0.0000008000276119504425910905579", "0.7493183866121146396626199", "0.0009088178505137537986698603", "0.0"], ["0.2497666966120746535249583", "0.0000007628662743275963367812779", "0.7493023784350467529136113", "0.0009301620866041429872308316", "0.0"], ["0.2497612283044121291537404", "0.000000727219086701571196800885", "0.7492858665704963973618604", "0.0009521779060047447172645773", "0.0"], ["0.2497555841684946140431627", "0.0000006930368956834142789033892", "0.7492688316161707507003116", "0.0009748911784388301412212605", "0.0"], ["0.2497497574928235985946973", "0.0000006602716939122906171017369", "0.7492512532935525326554899", "0.0009983289419298673910989937", "0.0"], ["0.2497437412576392992875984", "0.0000006288766077079467021136332", "0.7492331104027409280761418", "0.00102251946301209049590308", "0.0"], ["0.2497375281190114125662704", "0.0000005988058845285663002388957", "0.7492143807746878233977118", "0.001047492300416298745748287", "0.0"], ["0.2497311103920066494876801", "0.0000005700148802412783114388747", "0.749195041220660672388272", "0.001073278372452405989832785", "0.0"], ["0.2497244800328723915574735", "0.0000005424600462126877719533777", "0.7491750674787557200198953", "0.001099910028325632476242308", "0.0"], ["0.2497176286201738277468834", "0.0000005160989162271305426551804", "0.7491544341572700722826795", "0.00112742112363990449880849", "0.0"], ["0.249710547334816805574587", "0.0000004908900932404674756498725", "0.7491331146747301381822756", "0.001155847100359786076460695", "0.0"], ["0.2497032269388836417200539", "0.0000004667932359776022139648412", "0.7491110811963588580561879", "0.001185225071521512796227757", "0.0"], ["0.2496956577532035335239459", "0.0000004437690453819512095033127", "0.7490883045667467920079834", "0.001215593911004347471488467", "0.0"], ["0.2496878296335751434901914", "0.0000004217792509255608192713652", "0.7490647542384781164657627", "0.001246994348695770982487077", "0.0"], ["0.2496797319455512244533002", "0.0000004007865967885930715768223", "0.7490403981964441296538799", "0.001279469071407937302761651", "0.0"], ["0.2496713535376898827114641", "0.0000003807548279173147459650961", "0.7490152028775533551307864", "0.001313062829928766199047607", "0.0"], ["0.2496626827131692971717543", "0.0000003616486759698807486235239", "0.748989133085535756389851", "0.001347822552618842998180446", "0.0"], ["0.2496537071996559946404096", "0.0000003434338451595356723623932", "0.7489621519005034178774712", "0.001383797465995382175190148", "0.0"], ["0.2496444141173077585776904", "0.0000003260769980050800072060183", "0.7489342205829172018215037", "0.001421039222776974239326818", "0.0"], ["0.2496347899447845347660182", "0.0000003095457409987905985525544", "0.7489052984715766891850191", "0.00145960203789784226981912", "0.0"], ["0.2496248204831302533518149", "0.0000002938086102022357065023798", "0.7488753428752213666763789", "0.001499542833038107994441412", "0.0"], ["0.2496144908173788503904317", "0.0000002788350567807877167853328", "0.7488443089573068058103444", "0.001540921390257532360081352", "0.0"], ["0.2496037852757264783058485", "0.0000002645954324879364072830828", "0.7488121496134768550723968", "0.001583800515364230999869546", "0.0"], ["0.2495926873861004569960549", "0.0000002510609751108946530293767", "0.7487788153412267036724379", "0.001628246211697698121506519", "0.0"], ["0.2495811798299418381609534", "0.0000002382037938893476860746157", "0.748744254101207052502521", "0.001674327865057068136767651", "0.0"], ["0.2495692443930047150476943", "0.0000002259968549196063344625322", "0.7487084111695788175256663", "0.001722118440561513455088113", "0.0"], ["0.2495568619129609322666663", "0.0000002144139665568872416686226", "0.748671228980782467461724", "0.001771694692289999827138947", "0.0"], ["0.2495440122235818124114779", "0.0000002034297648288881009447608", "0.7486326469600398808687969", "0.001823137386613407937902418", "0.0"], ["0.2495306740952504304055983", "0.000000193019698874364016977969", "0.7485926013448478291221033", "0.001876531540202794439017889", "0.0"], ["0.2495168251715399243980927", "0.0000001831600164209768864073539", "0.7485510249946690361249369", "0.001931966673774642057886366", "0.0"], ["0.2495024419015713443805285", "0.0000001738277493172871522997003", "0.7485078471879620694340548", "0.001989537082717395128804867", "0.0"], ["0.2494874994678423333126855", "0.0000001650006991344719732534517", "0.7484629934056243194233895", "0.002049342125834132921400458", "0.0"], ["0.2494719717091935330051756", "0.0000001566574228540711536939245", "0.7484163850998490771676832", "0.002111486533534392921851466", "0.0"], ["0.2494558310385525708945266", "0.0000001487772186589241788102678", "0.7483679394473137729914333", "0.002176080736915071013102467", "0.0"], ["0.2494390483550666292906173", "0.0000001413401118453651109915364", "0.7483175690855353407938293", "0.002243241219286030710974103", "0.0"], ["0.2494215929502035611937557", "0.0000001343268408757935857830531", "0.7482651818311331867446712", "0.002313090891822170273217403", "0.0"], ["0.2494034324073662461617712", "0.0000001277188435918753329809022", "0.7482106803786293906016788", "0.002385759495160619767195578", "0.0"], ["0.2493845324945287514237374", "0.0000001214982436099403721208824", "0.7481539619783169199154741", "0.002461384028910667834402927", "0.0"], ["0.2493648570493614838978964", "0.0000001156478369215739641167906", "0.7480949180915952979816783", "0.0025401092112063404523231", "0.0"], ["0.2493443678562693634762463", "0.0000001101510787240630370494375", "0.7480334340220440999623839", "0.002622087970607703838566896", "0.0"], ["0.2493230245147171025829533", "0.0000001049920705071689358099101", "0.7479693885203627480919493", "0.002707481972849570788236311", "0.0"], ["0.2493007842981662410104978", "0.0000001001555474248264534171383", "0.747902653361140876681279", "0.002796462185145420061221015", "0.0"], ["0.2492776020028883434519904", "9.56268659826917951192978e-8", "0.7478330928892628981467618", "0.00288920948098271286138238", "0.0"], ["0.2492534297858592465563404", "9.139199207517935655841697e-8", "0.7477605635335538450137235", "0.002985915288594736270822812", "0.0"], ["0.2492282169908692465673458", "8.743748940864846261006222e-8", "0.7476849132850758466162851", "0.003086782286565381310860966", "0.0"], ["0.2492019099619117552715052", "8.375050835089279443175542e-8", "0.7476059811372601999997314", "0.00319202515031958682780907", "0.0"], ["0.2491744518428309511726039", "8.031877525102833351264852e-8", "0.7475235964848184488341304", "0.003301871353575273450141415", "0.0"], ["0.2491457823621213831513614", "7.713058227840485277088301e-8", "0.7474375784781108669383452", "0.003416562029185430430749038", "0.0"], ["0.2491158376016761946315453", "7.417477783432885243443604e-8", "0.7473477353293620087529915", "0.003536352894183933461999885", "0.0"], ["0.2490845497481750734918735", "7.144075759631478731492577e-8", "0.7472538635667980486087046", "0.003661515244269379331415137", "0.0"], ["0.2490518468256888268512535", "6.891845626136477609951375e-8", "0.7471557472324351479018928", "0.003792337023419714011797619", "0.0"], ["0.2490176524079520710709409", "6.659834006259059607614029e-8", "0.7470531570188764786200855", "0.003929123974831527926554589", "0.0"], ["0.2489818853086188961162328", "6.447140014246304588468341e-8", "0.7469458493400569620442464", "0.004072200879923919236383977", "0.0"], ["0.2489444592476674479982902", "6.252914687631766623513883e-8", "0.7468335653304428967872633", "0.004221912892742698192707488", "0.0"], ["0.2489052824919575959390498", "6.07636052516863262537531e-8", "0.7467160297666884291973554", "0.004378626977748718153757348", "0.0"], ["0.2488642574677685009238454", "5.916731142280524728398617e-8", "0.7465929499052396199711784", "0.004542733459680374846366608", "0.0"], ["0.2488212803429530402622499", "5.773331057561514278912379e-8", "0.7464640142287908479262416", "0.004714647694945506185926506", "0.0"], ["0.2487762405761367715582134", "5.645515625705230491831654e-8", "0.7463288910938789729665216", "0.004894811874827888889418326", "0.0"], ["0.2487290204301663958868721", "5.532691134388868975445901e-8", "0.7461872272712330704926302", "0.00508369697168909265384226", "0.0"], ["0.248679494446771965419925", "5.4343150851309685