{"eq_pressures": [["0.249863341672", "0.749590025017", "0.00054663331074"], ["0.249857868851", "0.749573606553", "0.00056852459616"], ["0.249852093837", "0.749556281512", "0.000591624650016"], ["0.249845995879", "0.749537987636", "0.000616016485558"], ["0.24983955253", "0.74951865759", "0.000641789879521"], ["0.249832739498", "0.749498218495", "0.000669042007206"], ["0.249825530464", "0.749476591391", "0.000697878144944"], ["0.249817896888", "0.749453690664", "0.000728412447863"], ["0.249809807797", "0.749429423391", "0.000760768811975"], ["0.249801229542", "0.749403688627", "0.000795081830716"], ["0.249792125536", "0.749376376607", "0.000831497857476"], ["0.249782455953", "0.74934736786", "0.000870176187158"], ["0.249772177407", "0.749316532221", "0.000911290371573"], ["0.249761242579", "0.749283727736", "0.000955029685543"], ["0.249749599809", "0.749248799428", "0.00100160076284"], ["0.249737192644", "0.749211577932", "0.00105122942385"], ["0.24972395932", "0.74917187796", "0.00110416271982"], ["0.249709832194", "0.749129496583", "0.00116067122224"], ["0.249694737103", "0.749084211308", "0.00122105158989"], ["0.249678592637", "0.749035777912", "0.00128562945083"], ["0.249661309339", "0.748983928018", "0.00135476264223"], ["0.249642788786", "0.748928366357", "0.00142884485709"], ["0.249622922561", "0.748868767684", "0.00150830975448"], ["0.2496015911", "0.748804773301", "0.00159363559836"], ["0.249578662375", "0.748735987125", "0.00168535050011"], ["0.249553990412", "0.748661971236", "0.00178403835144"], ["0.249527413613", "0.748582240839", "0.00189034554816"], ["0.249498752845", "0.748496258535", "0.00200498862063"], ["0.249467809274", "0.748403427821", "0.00212876290598"], ["0.249434361895", "0.748303085686", "0.00226255241818"], ["0.249398164726", "0.748194494177", "0.00240734109799"], ["0.249358943586", "0.748076830759", "0.00256422565445"], ["0.249316392439", "0.747949177316", "0.00273443024485"], ["0.24927016918", "0.747810507539", "0.00291932328118"], ["0.249219890825", "0.747659672475", "0.00312043669979"], ["0.249165127978", "0.747495383934", "0.00333948808836"], ["0.249105398467", "0.747316195401", "0.00357840613148"], ["0.249040160021", "0.747120480063", "0.00383935991579"], ["0.248968801818", "0.746906405453", "0.00412479272977"], ["0.248890634724", "0.746671904172", "0.00443746110346"], ["0.248804880009", "0.746414640027", "0.0047804799644"], ["0.248710656265", "0.746131968795", "0.00515737493959"], ["0.248606964246", "0.745820892739", "0.00557214301452"], ["0.248492669257", "0.74547800777", "0.00602932297309"], ["0.248366480677", "0.745099442031", "0.00653407729166"], ["0.248226928137", "0.744680784411", "0.0070922874522"], ["0.248072333755", "0.744217001266", "0.00771066497905"], ["0.247900779776", "0.743702339328", "0.00839688089636"], ["0.247710070811", "0.743130212434", "0.00915971675499"], ["0.247497689777", "0.742493069332", "0.0100092408909"], ["0.247260746462", "0.741782239385", "0.0109570141534"], ["0.246995917506", "0.740987752517", "0.0120163299772"], ["0.246699376411", "0.740098129234", "0.013202494354"], ["0.246366712009", "0.739100136026", "0.0145331519653"], ["0.245992833644", "0.737978500932", "0.0160286654234"], ["0.245571861209", "0.736715583628", "0.0177125551627"], ["0.24509699802", "0.735290994061", "0.0196120079189"], ["0.244560384559", "0.733681153676", "0.0217584617654"], ["0.243952931227", "0.731858793681", "0.0241882750914"], ["0.243264128655", "0.729792385966", "0.0269434853783"], ["0.242481834837", "0.727445504511", "0.0300726606516"], ["0.241592039641", "0.724776118923", "0.0336318414355"], ["0.240578609235", "0.721735827705", "0.03768556306"], ["0.239423015941", "0.718269047822", "0.0423079362371"], ["0.238104063317", "0.71431218995", "0.0475837467338"], ["0.23659762213", "0.709792866391", "0.053609511479"], ["0.234876400627", "0.704629201881", "0.0604943974916"], ["0.232909782202", "0.698729346605", "0.0683608711937"], ["0.230663775031", "0.691991325093", "0.0773448998763"], ["0.228101130625", "0.684303391874", "0.0875954775011"], ["0.225181699924", "0.675545099771", "0.0992732003056"], ["0.221863103743", "0.665589311229", "0.112547585028"], ["0.218101794949", "0.654305384846", "0.127592820206"], ["0.213854577708", "0.641563733125", "0.144581689166"], ["0.209080619326", "0.627241857978", "0.163677522697"], ["0.203743938908", "0.611231816723", "0.18502424437"], ["0.197816284809", "0.593448854426", "0.208734860766"], ["0.191280226076", "0.573840678229", "0.234879095694"], ["0.184132196238", "0.552396588715", "0.263471215047"], ["0.176385161223", "0.529155483668", "0.29445935511"], ["0.168070559015", "0.504211677046", "0.327717763938"], ["0.159239193132", "0.477717579396", "0.363043227472"], ["0.149960858484", "0.449882575452", "0.400156566065"], ["0.140322623442", "0.420967870327", "0.438709506231"], ["0.130425858282", "0.391277574846", "0.478296566873"], ["0.120382253974", "0.361146761921", "0.518470984105"], ["0.110309186837", "0.330927560512", "0.558763252651"], ["0.100324836612", "0.300974509837", "0.59870065355"], ["0.0905434563493", "0.271630369048", "0.637826174603"], ["0.0810711334453", "0.243213400336", "0.675715466219"], ["0.0720022909467", "0.21600687284", "0.711990836213"], ["0.0634170767054", "0.190251230116", "0.746331693179"], ["0.0553796915278", "0.166139074584", "0.778481233889"], ["0.0479376268301", "0.14381288049", "0.80824949268"], ["0.0411217225615", "0.123365167685", "0.835513109754"], ["0.0349469178528", "0.104840753558", "0.860212328589"], ["0.0294135476455", "0.0882406429364", "0.882345809418"], ["0.0245090347077", "0.073527104123", "0.901963861169"], ["0.0202098338532", "0.0606295015597", "0.919160664587"], ["0.0164835000364", "0.0494505001092", "0.934065999854"]], "EA": 0.0, "reverse_rates": [["6.47275526138e-09", "0.0362167054841"], ["5.56082416299e-09", "0.0322013024772"], ["4.75190269928e-09", "0.0285383849882"], ["4.03557965768e-09", "0.0251992427919"], ["3.40250252249e-09", "0.0221571852872"], ["2.8443296602e-09", "0.019387543328"], ["2.35368930938e-09", "0.0168677079864"], ["1.92414263595e-09", "0.0145772164175"], ["1.55014515787e-09", "0.012497894559"], ["1.22699605049e-09", "0.0106140610517"], ["9.50757947435e-10", "0.00891278047195"], ["7.18121894846e-10", "0.0073841166645"], ["5.2618764647e-10", "0.00602126668981"], ["3.72139561634e-10", "0.00482035189149"], ["2.52840266562e-10", "0.00377955043893"], ["1.64446620668e-10", "0.0028973134347"], ["1.02238108836e-10", "0.0021698069557"], ["6.08325393031e-11", "0.0015884379174"], ["3.47698540146e-11", "0.00113877244561"], ["1.91914650468e-11", "0.000801601000894"], ["1.02874666105e-11", "0.000555587531182"], ["5.38274641124e-12", "0.000380110597784"], ["2.76013713628e-12", "0.000257210765774"], ["1.39102156849e-12", "0.000172386377321"], ["6.90301447588e-13", "0.000114539211876"], ["3.37715377162e-13", "7.54893165647e-05"], ["1.62985237049e-13", "4.93657256087e-05"], ["7.76166206376e-14", "3.20350389544e-05"], ["3.64746582638e-14", "2.06292723727e-05"], ["1.69126400498e-14", "1.31815524704e-05"], ["7.73614477885e-15", "8.35633162555e-06"], ["3.48988036473e-15", "5.25482658555e-06"], ["1.55213189462e-15", "3.27726210473e-06"], ["6.80335949847e-16", "2.02666766596e-06"], ["2.93783947287e-16", "1.24243787461e-06"], ["1.24929830448e-16", "7.54891320664e-07"], ["5.22941136533e-17", "4.54468420761e-07"], ["2.15374946152e-17", "2.71031480582e-07"], ["8.72353821539e-18", "1.60071883173e-07"], ["3.47325708414e-18", "9.35981898509e-08"], ["1.35866338552e-18", "5.41688741958e-08"], ["5.21907572069e-19", "3.10191520594e-08"], ["1.96766178119e-19", "1.75699387628e-08"], ["7.2768461517e-20", "9.84073799166e-09"], ["2.63830776345e-20", "5.44820208516e-09"], ["9.37226553868e-21", "2.98051788356e-09"], ["3.26019176414e-21", "1.61057751515e-09"], ["1.10984268704e-21", "8.59319133813e-10"], ["3.69523014661e-22", "4.52516769616e-10"], ["1.20263463529e-22", "2.35092648723e-10"], ["3.8239043792e-23", "1.20441580157e-10"], ["1.18731312561e-23", "6.0820123274e-11"], ["3.5989248583e-24", "3.0258203958e-11"], ["1.06486536578e-24", "1.48233426449e-11"], ["3.07652273425e-25", "7.14707811547e-12"], ["8.68680912085e-26", "3.38962785533e-12"], ["2.40159089482e-26", "1.58040079767e-12"], ["6.52255194595e-27", "7.2395745013e-13"], ["1.74990001193e-27", "3.25623549425e-13"], ["4.6779092659e-28", "1.43710562441e-13"], ["1.26212795377e-28", "6.21914685069e-14"], ["3.49774498222e-29", "2.63709872366e-14"], ["1.01721630492e-29", "1.09482269807e-14"], ["3.17337902808e-30", "4.44666637979e-15"], ["1.07981013345e-30", "1.76535575875e-15"], ["4.02942088141e-31", "6.84465164208e-16"], ["1.63602171334e-31", "2.58932158611e-16"], ["7.10014222069e-32", "9.54791495676e-17"], ["3.22371418306e-32", "3.42821590263e-17"], ["1.50108720361e-32", "1.19726204537e-17"], ["7.05545299158e-33", "4.06227669946e-18"], ["3.30913146102e-33", "1.33745263501e-18"], ["1.53648805244e-33", "4.26731654903e-19"], ["7.02492682503e-34", "1.31766520706e-19"], ["3.15107085535e-34", "3.93187938875e-20"], ["1.38305566398e-34", "1.13207072941e-20"], ["5.92807726087e-35", "3.13991543824e-21"], ["2.47715551584e-35", "8.37495224174e-22"], ["1.00762716809e-35", "2.14421577875e-22"], ["3.9839952494e-36", "5.25929065856e-23"], ["1.5288688618e-36", "1.23325827847e-23"], ["5.68580119257e-37", "2.75857657999e-24"], ["2.04591030789e-37", "5.8720730431e-25"], ["7.11076451524e-38", "1.18651788139e-25"], ["2.38283226648e-38", "2.26964674099e-26"], ["7.68380682907e-39", "4.09812322278e-27"], ["2.37937841636e-39", "6.96314741491e-28"], ["7.05971500133e-40", "1.10961468029e-28"], ["2.00220089417e-40", "1.65245224183e-29"], ["5.41384804054e-41", "2.29087530466e-30"], ["1.39179929032e-41", "2.9443239868e-31"], ["3.39170440806e-42", "3.49248385256e-32"], ["7.80950918964e-43", "3.8049045102e-33"], ["1.69305606522e-43", "3.78735638035e-34"], ["3.44278608571e-44", "3.42485767476e-35"], ["6.53953740408e-45", "2.79628535213e-36"], ["1.15513254413e-45", "2.04755773157e-37"], ["1.88815879076e-46", "1.33483507302e-38"], ["2.84083246489e-47", "7.68572375293e-40"], ["3.91122700854e-48", "3.87444966431e-41"]], "pressures": [["0.2498686405124050809468103", "0.7496059215372151906840886", "0.0005254379503797105110050174"], ["0.2498644555892610883286158", "0.7495933667677832650387087", "0.0005421776429556628915134864"], ["0.2498602993287458680762442", "0.7495808979862375014409772", "0.0005588026850165784740661933"], ["0.2498562386217039913465915", "0.7495687158651118208821945", "0.0005750455131840762779415728"], ["0.2498523614756505702642833", "0.7495570844269517107433534", "0.0005905540973976814550890347"], ["0.2498487819630226599914406", "0.74954634588906803024161", "0.0006048721479093506502420024"], ["0.249845645552427323183337", "0.7495369366572819695987886", "0.0006174177902906619096786103"], ["0.2498431341792726938959964", "0.7495294025378180322049032", "0.0006274632829092259206415802"], ["0.2498414697605171278034702", "0.7495244092815513833623525", "0.0006341209579314932759470685"], ["0.2498409138291157979557523", "0.7495227414873473450245411", "0.000636344683536831878491049"], ["0.2498417595278340607797079", "0.7495252785835021338180573", "0.0006329618886637846228213833"], ["0.2498443106341965608516624", "0.7495329319025896345445251", "0.0006227574632137970985881026"], ["0.2498488416341058270689783", "0.7495465249023173857840828", "0.0006046334635767185316875992"], ["0.2498555355371306265550083", "0.7495666066113917850282252", "0.000577857851477553159374919"], ["0.2498644057142778949078339", "0.7495932171428336377293185", "0.0005423771428884320428473119"], ["0.2498752258847514230399506", "0.749625677654254175873089", "0.0004990964609943097651124505"], ["0.2498875096121565191606116", "0.7496625288364694649771614", "0.0004499615513739456281007451"], ["0.2499005746781429971720691", "0.7497017240344288538502461", "0.0003977012874280500319419127"], ["0.2499136834891735823699835", "0.7497410504675206560898197", "0.0003452660433056692522851709"], ["0.2499261968940928529178377", "0.7497785906822785587755538", "0.0002952124236285695999773117"], ["0.2499376709881332541583009", "0.7498130129643998072432419", "0.000249316047466981603155678"], ["0.2499478727663822794581239", "0.7498436182991467939765242", "0.0002085089344709099416034536"], ["0.2499567395352581130370088", "0.7498702186057742950956828", "0.0001730418589675965704686013"], ["0.2499643205058620884893709", "0.7498929615175862218215262", "0.0001427179765516780500679571"], ["0.2499707256535147375314419", "0.7499121769605442125837148", "0.0001170973859410671178546315"], ["0.2499760900965331649710059", "0.7499282702895993232396418", "0.00009563961386739800876088482"], ["0.2499805527138975659856929", "0.7499416581416926979518879", "0.00007778914440971733519935118"], ["0.2499842448366571436052255", "0.749952734509971430815677", "0.00006302065337143163046001916"], ["0.2499872851453534591825621", "0.7499618554360602103001877", "0.00005085941858621797296350607"], ["0.249989778051308907489996", "0.7499693341539265981427241", "0.00004088779476440755251123567"], ["0.2499918138823911858417542", "0.7499754416471734753824894", "0.00003274447043525397421025419"], ["0.2499934699156229952961727", "0.7499804097468690672960579", "0.00002612033750797512793367039"], ["0.2499948117405134659227207", "0.7499844352215402767632967", "0.00002075303794616736665794818"], ["0.2499958946887852354479181", "0.7499876840663557063554031", "0.00001642124485906082182588338"], ["0.2499967652033205998140288", "0.7499902956099616806496433", "0.00001293918671759860929056761"], ["0.2499974620912621111810365", "0.749992386273786215855725", "0.00001015163495160105502796794"], ["0.2499980176428854103852161", "0.7499940529286560757154903", "0.000007929428458380660464576125"], ["0.2499984586157926582199075", "0.749995375847378051643045", "0.000006165536829336175206790211"], ["0.2499988070922157944287158", "0.7499964212766472689180631", "0.000004771631136887238509947846"], ["0.2499990812205642935507572", "0.7499972436616927673898882", "0.000003675117742848721505952538"], ["0.2499992958532869494999804", "0.7499978875598606989578771", "0.000002816586852212883971188573"], ["0.249999463092903977547147", "0.7499983892787118215904299", "0.00000214762838407904576975923"], ["0.249999592757342011098184", "0.7499987782720259233495302", "0.000001628970632006302776909407"], ["0.2499996927747765545747828", "0.7499990783243297362837215", "0.000001228900893739332113141007"], ["0.2499997695172089686643413", "0.749999308551626834170774", "0.000000921931164175642662686584"], ["0.249999828081044233129952", "0.7499994842431325572198885", "0.0000006876758231226316692850639"], ["0.2499998725220291430938396", "0.7499996175660873237598623", "0.0000005099118834669081477454937"], ["0.2499999060510642034949934", "0.7499997181531926452902828", "0.0000003757957431796157355318786"], ["0.2499999311966277211599368", "0.7499997935898830946064046", "0.0000002752134891039144200384836"], ["0.2499999499388420934643331", "0.7499998498165261441204881", "0.0000002002446316902279647361165"], ["0.2499999638195710282986371", "0.7499998914587131522949696", "0.0000001447217158736444720476852"], ["0.2499999740323584600042155", "0.749999922097075313350768", "0.0000001038705661997493540847968"], ["0.2499999814955004571345099", "0.7499999444865014373282212", "7.401799814918805320069189e-8"], ["0.2499999869110806402958427", "0.7499999607332419860750526", "5.235567742792275613352663e-8"], ["0.2499999908123874495339906", "0.7499999724371622197012865", "3.675045028440463433515253e-8"], ["0.2499999936017709321670093", "0.7499999808053127009312826", "2.55929163370708160530299e-8"], ["0.249999995580678383677465", "0.7499999867420350565684142", "1.767728651779194011526926e-8"], ["0.2499999969733305287998803", "0.7499999909199914930414282", "1.21066778786617934692508e-8"], ["0.2499999979452602339230128", "0.7499999938357806095165895", "8.218959092415427443335093e-9"], ["0.2499999986177275348564303", "0.7499999958531824830403799", "5.529089900195176559937509e-9"], ["0.2499999990788479226549799", "0.7499999972365438279922179", "3.684608296605501201334883e-9"], ["0.2499999993921190116947318", "0.7499999981763569758216952", "2.431523947218751340049507e-9"], ["0.2499999996029031333517817", "0.7499999988087093415207242", "1.588387496880758512348248e-9"], ["0.2499999997433163989763314", "0.7499999992299491102174168", "1.026734422883863974293777e-9"], ["0.2499999998358851015291475", "0.749999999507655190438149", "6.564596429531402422410897e-10"], ["0.2499999998962563440877484", "0.7499999996887689759268969", "4.1497462642304793926603e-10"], ["0.2499999999351896667216229", "0.7499999998055690279701869", "2.592413449888765346754325e-10"], ["0.2499999999600063062744383", "0.7499999998800190285594102", "1.59974742430710684241255e-10"], ["0.2499999999756338484644835", "0.7499999999269015453947048", "9.746464842151554269152768e-11"], ["0.2499999999853511679478172", "0.7499999999560533970588535", "5.859541324141106597542572e-11"], ["0.249999999991314399881885", "0.7499999999739430943351074", "3.474245331940182552416577e-11"], ["0.2499999999949239963032839", "0.7499999999847718850734703", "2.030409672266680984239003e-11"], ["0.2499999999970778531306401", "0.7499999999912334570297786", "1.168865652371702974923603e-11"], ["0.2499999999983440142765431", "0.7499999999950319419417732", "6.623980220109373387321536e-12"], ["0.2499999999990768225023623", "0.7499999999972304675071408", "3.69271639268908261966148e-12"], ["0.2499999999994941065983899", "0.7499999999984822708255789", "2.023607712873066267725676e-12"], ["0.2499999999997277018035868", "0.749999999999183105410777", "1.089235206357803139998334e-12"], ["0.2499999999998561507225898", "0.7499999999995684996630454", "5.754036245604927585342773e-13"], ["0.2499999999999254816343156", "0.7499999999997764449029516", "2.98055496380730477681298e-13"], ["0.2499999999999622055669288", "0.7499999999998865246589631", "1.512477650177267564825928e-13"], ["0.2499999999999812286046701", "0.749999999999943640530276", "7.51130519687531834660933e-14"], ["0.2499999999999909029875361", "0.7499999999999725307763743", "3.646827853466527667377503e-14"], ["0.2499999999999956708615343", "0.7499999999999870125846033", "1.729005656727627615064451e-14"], ["0.2499999999999980119512663", "0.7499999999999939497093902", "7.995271028492276314685402e-15"], ["0.249999999999999112593751", "0.7499999999999972954462256", "3.601334411940933238634783e-15"], ["0.2499999999999996043056683", "0.7499999999999987297213042", "1.577921383056561844643612e-15"], ["0.2499999999999998382218914", "0.7499999999999995146656742", "6.71512068326294495864992e-16"], ["0.2499999999999999408027754", "0.7499999999999997020378378", "2.77125507555896149045913e-16"], ["0.2499999999999999953246489", "0.7499999999999998284286706", "1.107157552996645776052107e-16"], ["0.2499999999999999851777576", "0.7499999999999999941824146", "4.274172751062812377209059e-17"], ["0.2500000000000000081476816", "0.7499999999999999107071504", "1.59126263292121333435848e-17"], ["0.249999999999999990718194", "0.7499999999999998978050065", "5.700960837813989851959816e-18"], ["0.250000000000000013840001", "0.7499999999999999322071711", "1.960942410224292105441425e-18"], ["0.2500000000000000099100151", "0.7499999999999998869283111", "6.45956989867676954321437e-19"], ["0.2500000000000000209952177", "0.7499999999999999231326272", "2.032283222604276902422087e-19"], ["0.2500000000000000097726935", "0.7499999999999999608659217", "6.088709769006532449559955e-20"], ["0.2500000000000000113884395", "0.7499999999999999002097094", "1.731541065709623741379744e-20"], ["0.2499999999999999951846718", "0.7499999999999999200505652", "4.657874291410050830619819e-21"], ["0.2500000000000000095603078", "0.7499999999999999646518273", "1.180678499053503224801792e-21"], ["0.2500000000000000137828834", "0.7499999999999999162391664", "2.808342395812025731969959e-22"]], "Concs": [["0.0000030450493106710953327743", "0.000009135147932013285362714394", "6.403302412511974270511859e-9", "4.755096246901370711769518e-9"], ["0.000003066681920221346091460659", "0.000009200045760664038275030763", "6.654353342412005583155308e-9", "4.717568543359474367143941e-9"], ["0.000003088625187907571088348917", "0.000009265875563722711994445336", "6.907588170867208795866878e-9", "4.672280181038198878047113e-9"], ["0.000003110886679097302514183272", "0.000009332660037291905635629748", "7.159722873870320798435673e-9", "4.617596217731611030087526e-9"], ["0.000003133474444186465794041169", "0.000009400423332559397381502756", "7.406318520169678346133852e-9", "4.551563777004782876399099e-9"], ["0.000003156397098887688967224623", "0.000009469191296663067536712079", "7.641488895237445763572649e-9", "4.471875416171007058047438e-9"], ["0.00000317966391294989747754295", "0.00000953899173884969243324962", "7.857575675012249140975835e-9", "4.375847689957107821850804e-9"], ["0.000003203284899496346959539655", "0.000009609854698489040244187194", "8.044822467241828132238495e-9", "4.260432395704072267561337e-9"], ["0.000003227270888282241641141568", "0.000009681812664846724922803924", "8.191114586155724809272197e-9", "4.122288744827251131733565e-9"], ["0.000003251633551770047799586466", "0.000009754900655310142763080434", "8.281909042704283101724062e-9", "3.957959041452048645889915e-9"], ["0.00000327638533219714193920857", "0.000009829155996591425181328119", "8.300562130914652004513323e-9", "3.764205849304321810964962e-9"], ["0.000003301539193912833333526387", "0.000009904617581738499366150376", "8.229357586262622315616872e-9", "3.538575938230735103167649e-9"], ["0.000003327108111869228702506697", "0.000009981324335607684836823204", "8.051591867372827790289555e-9", "3.280233372329930143143914e-9"], ["0.000003353104237504504400555976", "0.00001005931271251351193162581", "7.754951701587119019323335e-9", "2.991012013104917368470884e-9"], ["0.000003379537809247926899234786", "0.00001013861342774378006208514", "7.335915077713608154190011e-9", "2.676438605941374680765535e-9"], ["0.000003406416122410833374158991", "0.00001021924836723249885129342", "6.803916736240783385418937e-9", "2.346207115584632773286267e-9"], ["0.000003433743130118323108983061", "0.00001030122939035496805582808", "6.182991651906498709928205e-9", "2.013463778832200604746262e-9"], ["0.000003461520200685140544742292", "0.00001038456060205541972733448", "5.50879501595275145692937e-9", "1.692646481167455719687383e-9"], ["0.000003489747973520800597336725", "0.00001046924392056240052102208", "4.821230506987029020055632e-9", "1.39653505466337633304672e-9"], ["0.000003518428494784725925443048", "0.00001055528548435417777663943", "4.155962104882366874354668e-9", "1.133867241144983564142867e-9"], ["0.000003547566649328459295957429", "0.00001064269994798537852330538", "3.53874344607399501032827e-9", "9.085326939471493871669554e-10"], ["0.00000357717050258077951750517", "0.00001073151150774233791710834", "2.984110253304811174699052e-9", "7.202815577333212314282882e-10"], ["0.000003607250847952521969120778", "0.00001082175254385756527215487", "2.497253699391029996236908e-9", "5.661497279393963927306283e-10"], ["0.00000363782047199782640982197", "0.00001091346141599347859426147", "2.077025936226064136482705e-9", "4.418415621443046555591536e-10"], ["0.000003668893488676782063810341", "0.00001100668046603034619127528", "1.718672599349685601485081e-9", "3.427185765872810887095939e-10"], ["0.000003700484869046975638240743", "0.00001110145460714092437338026", "1.415787181330547326281029e-9", "2.64371578904132993190052e-10"], ["0.000003732610159117745743616775", "0.00001119783047735323723077282", "1.161516556150273970311004e-9", "2.028874428006181684495641e-10"], ["0.000003765285334641848378488341", "0.00001129585600392554513546503", "9.492227883163102479964107e-10", "1.549313947938327196092677e-10"], ["0.000003798526742525768356726942", "0.00001139558022757730252887519", "7.728027507348284645435776e-10", "1.177327984309870446191619e-10"], ["0.0000038323510925210231139249", "0.00001149705327756306743583387", "6.268111686710312470540976e-10", "8.902791266816139337402431e-11"], ["0.0000038667754763790004345403", "0.00001160032642913700003306865", "5.064786454392608020280485e-10", "6.698862862763556003661552e-11"], ["0.000003901817401263843272996201", "0.00001170545220379153108957121", "4.076777983436952865015147e-10", "5.01514624819320999746711e-11"], ["0.000003937494830206336040468919", "0.00001181248449061900621554307", "3.268667019735090814935614e-10", "3.735302444169568519535438e-11"], ["0.000003973826225851742256991104", "0.00001192147867755522677115848", "2.610249802833915276157446e-10", "2.767407166338525563119436e-11"], ["0.000004010830595675870138112233", "0.00001203249178702760850848658", "2.075902299291751512113011e-10", "2.039229334881136979162289e-11"], ["0.000004048527537874191212572072", "0.0000121455826136225717318544", "1.643983635361852667763878e-10", "1.494312860656463211174979e-11"], ["0.000004086937287668198536860841", "0.00001226081186300459306946566", "1.296293352323529550539659e-10", "1.088761840300248805177913e-11"], ["0.000004126080764049515726583423", "0.00001237824229214854845031572", "1.017586390428880629851411e-10", "7.886250749572928757572508e-12"], ["0.000004165979617121180045167586", "0.00001249793885136353822967323", "7.951445164040527045382082e-11", "5.67782760752858837954983e-12"], ["0.000004206656276264279884162509", "0.00001261996882879283774665686", "6.184005574534523958647489e-11", "4.062492492821524165099349e-12"], ["0.000004248133999391987900258697", "0.00001274440199817596115967003", "4.78610882814160205153569e-11", "2.888176743478711110372699e-12"], ["0.000004290436923570262834868651", "0.00001287131077071078659877242", "3.685713562407172639110965e-11", "2.039835573977607565839613e-12"], ["0.000004333590117294424212577889", "0.00001300077035188327073190392", "2.823721012648748837305775e-11", "1.430946854029114134259602e-12"], ["0.000004377619634718020670750574", "0.00001313285890415406328280263", "2.151866917053507338544928e-11", "9.968345305142179153423022e-13"], ["0.000004422552572137523649951126", "0.0000132676577164125696793015", "1.630917120176811219086344e-11", "6.894550675406766411599483e-13"], ["0.000004468417127044322375602878", "0.00001340525138113296458570802", "1.229129815601045359617599e-11", "4.733502425439092976895899e-13"], ["0.000004515242660065274112974221", "0.00001354572798019582043309815", "9.2095082524537641025123e-12", "3.2252437469803218384338e-13"], ["0.000004563059760124826571948851", "0.00001368917928037448035112149", "6.859116312543145509274182e-12", "2.180498633413055430381479e-13"], ["0.000004611900313175931092267966", "0.00001383570093952779200625442", "5.077030103621503613575524e-12", "1.462429932057610594707785e-13"], ["0.000004661797574863832918987474", "0.00001398539272459149621586246", "3.734000501285579472636229e-12", "9.728342634929382865965217e-14"], ["0.000004712786247506578311147311", "0.00001413835874251973620399154", "2.728170443964972442468708e-12", "6.417663660441618641104627e-14"], ["0.000004764902561799019384128425", "0.00001429470768539705688183572", "1.97973271355875912547099e-12", "4.197962408946102366951157e-14"], ["0.000004818184363673492287757317", "0.00001445455309102047813382131", "1.426529550840187165572222e-12", "2.722733870371346043779834e-14"], ["0.000004872671206780523232080092", "0.00001461801362034157096678984", "1.020448061084362236269838e-12", "1.751100569507172729929373e-14"], ["0.000004928404451087212765650179", "0.0000147852133532616357558516", "7.244843576696028051685341e-13", "1.117055492960583356559834e-14"], ["0.000004985427368129827912509947", "0.0000149562821043894818317057", "5.103665152101268282960571e-13", "7.072097566464662522079387e-15"], ["0.000005043785253500901066294716", "0.00001513135576050270129305998", "3.566417545458555859572348e-13", "4.448285065977648856313278e-15"], ["0.000005103525547200536617766276", "0.00001531057664160160794747471", "2.471469623740409091787446e-13", "2.784776371986523538421255e-15"], ["0.000005164697962536971693797843", "0.00001549409388761091317556937", "1.697937665106187209616816e-13", "1.740223129301481854666538e-15"], ["0.000005227354624323623585010693", "0.0000156820638729708682139332", "1.156100552715635787361674e-13", "1.090403616387314002337519e-15"], ["0.000005291550217189518845460386", "0.00001587465065156855780693059", "7.79891596160040773853532e-14", "6.895944590231591262514899e-16"], ["0.000005357342144897972883581965", "0.00001607202643469391738078794", "5.2106023001751805881793e-14", "4.44129170048137217359649e-16"], ["0.000005424790701655777806298291", "0.0000162743721049673321487426", "3.446667894956657906604985e-14", "2.944869998593960704834447e-16"], ["0.000005493959256493008574591002", "0.00001648187776947902381821351", "2.256334836941781231815767e-14", "2.0329111125111133360386e-16"], ["0.000005564914451903096656498895", "0.00001669474335570928742857247", "1.461256702623686764985564e-14", "1.473566134128380532208321e-16"], ["0.000005637726418055778050058855", "0.00001691317925416733287974089", "9.358053660715533543007982e-15", "1.124832203191103911653952e-16"], ["0.000005712469004033261272395029", "0.00001713740701209978445253316", "5.923632592787052914661016e-15", "9.008648985373720369525809e-17"], ["0.000005789220027694754938582246", "0.00001736766008308426735689234", "3.70451593181334988393165e-15", "7.504590188704231549079367e-17"], ["0.000005868061545948462982537315", "0.00001760418463784538894764139", "2.287714222189698836918445e-15", "6.434822468838682236236151e-17"], ["0.000005949080147405812030203739", "0.00001784724044221743354953068", "1.394355238655775560723144e-15", "5.624390107273729975522978e-17"], ["0.00000603236726961338338209861", "0.00001809710180884014760520822", "8.383169531092468171889101e-16", "4.972989216912231190190392e-17"], ["0.000006118019543306775569945742", "0.00001835405862992032416874518", "4.968834422439551069088156e-16", "4.423733324256130952761334e-17"], ["0.000006206139166411988176675363", "0.00001861841749923596198893131", "2.901657162217006454246579e-16", "3.944579699878992856168948e-17"], ["0.000006296834310838208747616779", "0.00001889050293251462370175388", "1.668404236982984712886529e-16", "3.517462297085629660767676e-17"], ["0.0000063902195654668283054127", "0.00001917065869640048491623948", "9.438907416947600449330843e-17", "3.132040808350489975196206e-17"], ["0.000006486416419151350409381536", "0.00001945924925745404995759597", "5.250384917891091963392236e-17", "2.782168624388026199881321e-17"], ["0.000006585553788009161656611828", "0.00001975666136402748496983593", "2.869286815708153746861433e-17", "2.46393437692218740256835e-17"], ["0.000006687768591817617671656908", "0.00002006330577545285428552039", "1.539266515182357618217636e-17", "2.174597657795423342539371e-17"], ["0.000006793206384933742911379756", "0.0000203796191548012287341394", "8.099010004315111630001711e-18", "1.912023198599291464501252e-17"], ["0.000006902022047851316961132308", "0.00002070606614355394834229815", "4.175661635362972094087224e-18", "1.674387398824736023447103e-17"], ["0.000007014380546305243824834028", "0.0000210431416389157302039527", "2.107486122013106742852726e-18", "1.46003056203206714315177e-17"], ["0.000007130457765747922890078665", "0.00002139137329724376358803833", "1.040142079523887064790779e-18", "1.26738537893811283412911e-17"], ["0.000007250441430075549804106584", "0.00002175132429022664941231976", "5.014421698549277042319568e-19", "1.094944380054912880419289e-17"], ["0.000007374532114697938311980565", "0.00002212359634409381239484286", "2.358455318613231020858922e-19", "9.412467994989886758743394e-18"], ["0.000007502944365451419633684493", "0.00002250883309635425763050406", "1.080824469367144909188344e-19", "8.048748231454603924056612e-18"], ["0.000007635907936484750462549838", "0.00002290772380945424884655067", "4.819544964812245486943658e-20", "6.844541980158986971313989e-18"], ["0.000007773669162142987256427947", "0.00002332100748642896176928384", "2.088045063021989409017627e-20", "5.786567399569611049892167e-18"], ["0.000007916492480082624898765592", "0.00002374947744024787088464851", "8.775447986421332120289059e-21", "4.862035516634070357711976e-18"], ["0.000008064662125431768549430734", "0.00002419398637629530056609452", "3.571540633815106167919748e-21", "4.058683803516658857635836e-18"], ["0.000008218484018832373596155279", "0.00002465545205649712205901526", "1.40508881793354106649092e-21", "3.36480834681321005436888e-18"], ["0.000008378287874754114371259476", "0.00002513486362426233930213017", "5.332822569181243384822175e-22", "2.769293133666873323332978e-18"], ["0.000008544429560655752809211588", "0.00002563328868196725588653592", "1.948458332270345742629939e-22", "2.261635576476585875101895e-18"], ["0.000008717293742518733442342212", "0.00002615188122755619651537837", "6.837644400835129539001988e-23", "1.831967670717713992823895e-18"], ["0.00000889729685814596313769193", "0.00002669189057443788433087811", "2.298908438578842273070431e-23", "1.471072318753938365634565e-18"], ["0.000009084890466600847615010914", "0.00002725467139980253776283506", "7.385228189788176759368869e-24", "1.170394442269414685344225e-18"], ["0.000009280565030496864719009805", "0.00002784169509149059161593057", "2.260266678523466630102668e-24", "9.220465845291493835986093e-19"], ["0.000009484854197834845294139233", "0.00002845456259350453080022001", "6.569365818327738275553909e-25", "7.188087866865654301584086e-19"], ["0.000009698339662094795622883877", "0.00002909501898628438432755279", "1.806945879257351553636359e-25", "5.541226157151094886988357e-19"], ["0.000009921656693787767646060805", "0.00002976497008136330039708357", "4.685714693338193723774806e-26", "4.220793267616262175295446e-19"], ["0.00001015550045424741129937889", "0.00003046650136274222881593899", "1.140804899054051563542847e-26", "3.17402259113368059401025e-19"]], "net_rates": [["5.33328303445e-10", "1.06665660689e-09"], ["5.54228954653e-10", "1.10845790931e-09"], ["5.75310862318e-10", "1.15062172464e-09"], ["5.96300672796e-10", "1.19260134559e-09"], ["6.16828939157e-10", "1.23365787831e-09"], ["6.36405797128e-10", "1.27281159426e-09"], ["6.54393938458e-10", "1.30878787692e-09"], ["6.69981483489e-10", "1.33996296698e-09"], ["6.8216031003e-10", "1.36432062006e-09"], ["6.89720187118e-10", "1.37944037424e-09"], ["6.91275959573e-10", "1.38255191915e-09"], ["6.85352990166e-10", "1.37070598033e-09"], ["6.70560545603e-10", "1.34112109121e-09"], ["6.45872752491e-10", "1.29174550498e-09"], ["6.10994866826e-10", "1.22198973365e-09"], ["5.66710218289e-10", "1.13342043658e-09"], ["5.15017566222e-10", "1.03003513244e-09"], ["4.5888375267e-10", "9.1776750534e-10"], ["4.01630539528e-10", "8.03261079057e-10"], ["3.4622796461e-10", "6.92455929221e-10"], ["2.94821783371e-10", "5.89643566742e-10"], ["2.48624014114e-10", "4.97248028228e-10"], ["2.08068470394e-10", "4.16136940789e-10"], ["1.73060795799e-10", "3.46121591598e-10"], ["1.4320594757e-10", "2.86411895141e-10"], ["1.17970982412e-10", "2.35941964823e-10"], ["9.67855174833e-11", "1.93571034967e-10"], ["7.90969142871e-11", "1.58193828574e-10"], ["6.43969540363e-11", "1.28793908073e-10"], ["5.22321283994e-11", "1.04464256799e-10"], ["4.22051718006e-11", "8.44103436012e-11"], ["3.3972262495e-11", "6.794452499e-11"], ["2.72383265531e-11", "5.44766531062e-11"], ["2.17517244999e-11", "4.35034489997e-11"], ["1.72989619929e-11", "3.45979239859e-11"], ["1.36997245534e-11", "2.73994491068e-11"], ["1.08023589462e-11", "2.16047178923e-11"], ["8.47983430418e-12", "1.69596686084e-11"], ["6.62617268572e-12", "1.32523453714e-11"], ["5.15331903972e-12", "1.03066380794e-11"], ["3.98841278974e-12", "7.97682557948e-12"], ["3.0714213724e-12", "6.1428427448e-12"], ["2.35309701075e-12", "4.7061940215e-12"], ["1.79322022719e-12", "3.58644045438e-12"], ["1.35909634715e-12", "2.71819269431e-12"], ["1.02427414197e-12", "2.04854828393e-12"], ["7.67458629702e-13", "1.5349172594e-12"], ["5.71592811243e-13", "1.14318562249e-12"], ["4.2308572553e-13", "8.46171451059e-13"], ["3.11166646131e-13", "6.22333292262e-13"], ["2.27347504095e-13", "4.5469500819e-13"], ["1.64977708994e-13", "3.29955417987e-13"], ["1.18877453771e-13", "2.37754907542e-13"], ["8.50373339715e-14", "1.70074667943e-13"], ["6.03736942537e-14", "1.20747388507e-13"], ["4.25305418457e-14", "8.50610836914e-14"], ["2.97201456868e-14", "5.94402913736e-14"], ["2.05955799485e-14", "4.1191159897e-14"], ["1.41494804263e-14", "2.82989608525e-14"], ["9.63417121936e-15", "1.92683424387e-14"], ["6.49909661072e-15", "1.29981932214e-14"], ["4.34216857573e-15", "8.68433711504e-15"], ["2.87222324252e-15", "5.74444647431e-15"], ["1.88027902943e-15", "3.76055805576e-15"], ["1.21771391831e-15", "2.43542783573e-15"], ["7.79837804846e-16", "1.55967560944e-15"], ["4.93636049317e-16", "9.87272098562e-16"], ["3.08709660954e-16", "6.17419321887e-16"], ["1.90642851838e-16", "3.8128570367e-16"], ["1.16196269884e-16", "2.32392539766e-16"], ["6.98597460912e-17", "1.39719492182e-16"], ["4.14069535199e-17", "8.28139070396e-17"], ["2.41804763517e-17", "4.83609527033e-17"], ["1.39033686415e-17", "2.78067372829e-17"], ["7.86575618078e-18", "1.57315123615e-17"], ["4.37532076491e-18", "8.75064152981e-18"], ["2.39107234642e-18", "4.78214469284e-18"], ["1.28272209599e-18", "2.56544419197e-18"], ["6.7491750036e-19", "1.34983500072e-18"], ["3.47971802947e-19", "6.95943605894e-19"], ["1.75623843501e-19", "3.51247687002e-19"], ["8.6678506627e-20", "1.73357013254e-19"], ["4.17868474879e-20", "8.35736949758e-20"], ["1.96537943218e-20", "3.93075886436e-20"], ["9.00687057806e-21", "1.80137411561e-20"], ["4.01628747068e-21", "8.03257494135e-21"], ["1.74003755252e-21", "3.48007510504e-21"], ["7.31287332202e-22", "1.4625746644e-21"], ["2.97628386151e-22", "5.95256772303e-22"], ["1.17090734828e-22", "2.34181469656e-22"], ["4.44401880765e-23", "8.8880376153e-23"], ["1.62371527689e-23", "3.24743055378e-23"], ["5.6980370007e-24", "1.13960740014e-23"], ["1.91575703215e-24", "3.8315140643e-24"], ["6.15435682482e-25", "1.23087136496e-24"], ["1.88355556544e-25", "3.76711113087e-25"], ["5.47447151527e-26", "1.09489430305e-25"], ["1.50578823271e-26", "3.01157646543e-26"], ["3.90476224445e-27", "7.8095244889e-27"], ["9.50670749212e-28", "1.90134149842e-27"]], "T": [1000.0, 992.929292929293, 985.8585858585859, 978.7878787878788, 971.7171717171717, 964.6464646464647, 957.5757575757576, 950.5050505050505, 943.4343434343434, 936.3636363636364, 929.2929292929293, 922.2222222222222, 915.1515151515151, 908.0808080808081, 901.010101010101, 893.939393939394, 886.8686868686868, 879.7979797979798, 872.7272727272727, 865.6565656565656, 858.5858585858585, 851.5151515151515, 844.4444444444445, 837.3737373737374, 830.3030303030303, 823.2323232323232, 816.1616161616162, 809.0909090909091, 802.0202020202021, 794.9494949494949, 787.8787878787879, 780.8080808080808, 773.7373737373737, 766.6666666666666, 759.5959595959596, 752.5252525252525, 745.4545454545455, 738.3838383838383, 731.3131313131313, 724.2424242424242, 717.1717171717171, 710.1010101010102, 703.030303030303, 695.959595959596, 688.8888888888889, 681.8181818181818, 674.7474747474747, 667.6767676767677, 660.6060606060606, 653.5353535353536, 646.4646464646464, 639.3939393939394, 632.3232323232323, 625.2525252525252, 618.1818181818182, 611.1111111111111, 604.040404040404, 596.969696969697, 589.8989898989898, 582.8282828282828, 575.7575757575758, 568.6868686868686, 561.6161616161617, 554.5454545454545, 547.4747474747475, 540.4040404040404, 533.3333333333333, 526.2626262626263, 519.1919191919192, 512.1212121212121, 505.050505050505, 497.979797979798, 490.9090909090909, 483.83838383838383, 476.7676767676768, 469.69696969696963, 462.6262626262626, 455.55555555555554, 448.4848484848485, 441.41414141414134, 434.3434343434343, 427.27272727272725, 420.2020202020202, 413.13131313131316, 406.060606060606, 398.98989898989896, 391.91919191919