{"eq_pressures": [["0.249863341672", "0.749590025017", "0.00054663331074"], ["0.249860655548", "0.749581966645", "0.000557377806122"], ["0.249857897091", "0.749573691274", "0.00056841163469"], ["0.249855063892", "0.749565191677", "0.000579744430727"], ["0.249852153448", "0.749556460345", "0.000591386207015"], ["0.249849163157", "0.749547489471", "0.000603347371876"], ["0.249846090313", "0.74953827094", "0.000615638747085"], ["0.249842932103", "0.74952879631", "0.000628271586686"], ["0.249839685601", "0.749519056802", "0.000641257596779"], ["0.249836347761", "0.749509043283", "0.000654608956318"], ["0.249832915415", "0.749498746246", "0.000668338338985"], ["0.249829385266", "0.749488155798", "0.000682458936203"], ["0.24982575388", "0.749477261639", "0.000696984481345"], ["0.249822017681", "0.749466053044", "0.000711929275223"], ["0.249818172947", "0.74945451884", "0.000727308212911"], ["0.249814215797", "0.749442647391", "0.000743136812001"], ["0.249810142189", "0.749430426568", "0.000759431242361"], ["0.249805947911", "0.749417843732", "0.000776208357487"], ["0.249801628568", "0.749404885704", "0.000793485727552"], ["0.249797179581", "0.749391538744", "0.000811281674238"], ["0.249792596173", "0.749377788519", "0.000829615307473"], ["0.249787873359", "0.749363620077", "0.000848506564176"], ["0.249783005938", "0.749349017813", "0.000867976249141"], ["0.24977798848", "0.749333965441", "0.000888046078177"], ["0.249772815319", "0.749318445957", "0.000908738723663"], ["0.249767480534", "0.749302441603", "0.000930077862642"], ["0.249761977943", "0.749285933829", "0.000952088227626"], ["0.249756301085", "0.749268903255", "0.000974795660285"], ["0.249750443208", "0.749251329624", "0.000998227168179"], ["0.249744397254", "0.749233191761", "0.00102241098475"], ["0.249738155842", "0.749214467525", "0.00104737663275"], ["0.249731711252", "0.749195133756", "0.00107315499137"], ["0.249725055408", "0.749175166225", "0.00109977836724"], ["0.249718179858", "0.749154539573", "0.00112728056961"], ["0.249711075753", "0.749133227258", "0.00115569698994"], ["0.249703733828", "0.749111201485", "0.00118506468624"], ["0.249696144382", "0.749088433146", "0.00121542247233"], ["0.249688297247", "0.749064891741", "0.00124681101259"], ["0.249680181769", "0.749040545308", "0.0012792729223"], ["0.249671786781", "0.749015360344", "0.00131285287407"], ["0.249663100572", "0.748989301717", "0.0013475977108"], ["0.249654110859", "0.748962332576", "0.00138355656553"], ["0.249644804753", "0.748934414259", "0.00142078098865"], ["0.249635168729", "0.748905506188", "0.001459325083"], ["0.249625188588", "0.748875565764", "0.00149924564744"], ["0.249614849418", "0.748844548253", "0.00154060232929"], ["0.249604135553", "0.74881240666", "0.00158345778653"], ["0.249593030535", "0.748779091605", "0.00162787786013"], ["0.249581517061", "0.748744551182", "0.00167393175751"], ["0.249569576938", "0.748708730814", "0.0017216922476"], ["0.249557191033", "0.748671573099", "0.00177123586862"], ["0.249544339213", "0.748633017638", "0.00182264314928"], ["0.249531000289", "0.748593000867", "0.00187599884435"], ["0.249517151954", "0.748551455861", "0.00193139218577"], ["0.249502770712", "0.748508312137", "0.0019889171503"], ["0.249487831814", "0.748463495441", "0.00204867274489"], ["0.249472309172", "0.748416927517", "0.00211076331115"], ["0.249456175287", "0.748368525862", "0.00217529885023"], ["0.249439401158", "0.748318203473", "0.00224239536963"], ["0.249421956187", "0.74826586856", "0.0023121752536"], ["0.249403808085", "0.748211424256", "0.00238476765874"], ["0.249384922766", "0.748154768297", "0.00246030893689"], ["0.249365264228", "0.748095792685", "0.00253894308712"], ["0.24934479444", "0.748034383321", "0.00262082223921"], ["0.249323473207", "0.747970419622", "0.00270610717084"], ["0.249301258035", "0.747903774104", "0.00279496786112"], ["0.249278103979", "0.747834311938", "0.00288758408328"], ["0.24925396349", "0.74776189047", "0.00298414603939"], ["0.24922878624", "0.74768635872", "0.00308485504048"], ["0.249202518941", "0.747607556823", "0.00318992423548"], ["0.249175105152", "0.747525315455", "0.00329957939285"], ["0.249146485065", "0.747439455196", "0.00341405973889"], ["0.249116595286", "0.747349785857", "0.00353361885734"], ["0.249085368586", "0.747256105759", "0.00365852565495"], ["0.24905273365", "0.747158200951", "0.00378906539831"], ["0.249018614793", "0.747055844379", "0.0039255408276"], ["0.248982931662", "0.746948794985", "0.00406827335329"], ["0.248945598914", "0.746836796743", "0.00421760434261"], ["0.248906525874", "0.746719577623", "0.00437389650277"], ["0.248865616158", "0.746596848473", "0.0045375353689"], ["0.248822767274", "0.746468301821", "0.00470893090508"], ["0.248777870193", "0.746333610579", "0.00488851922763"], ["0.248730808885", "0.746192426655", "0.00507676446063"], ["0.248681459816", "0.746044379449", "0.00527416073434"], ["0.248629691415", "0.745889074246", "0.00548123433835"], ["0.24857536349", "0.745726090469", "0.00569854604193"], ["0.248518326601", "0.745554979803", "0.00592669359534"], ["0.248458421393", "0.74537526418", "0.00616631442705"], ["0.248395477862", "0.745186433585", "0.00641808855269"], ["0.248329314572", "0.744987943715", "0.00668274171338"], ["0.248259737809", "0.744779213428", "0.00696104876202"], ["0.24818654067", "0.744559622011", "0.00725383731809"], ["0.248109502072", "0.744328506215", "0.0075619917128"], ["0.248028385688", "0.744085157064", "0.00788645724831"], ["0.247942938801", "0.743828816402", "0.00822824479678"], ["0.247852891058", "0.743558673175", "0.00858843576667"], ["0.247757953133", "0.7432738594", "0.0089681874661"], ["0.247657815276", "0.742973445829", "0.00936873889517"], ["0.24755214575", "0.742656437249", "0.00979141700151"], ["0.247440589141", "0.742321767423", "0.0102376434358"], ["0.247322764538", "0.741968293615", "0.0107089418467"], ["0.247198263561", "0.741594790683", "0.0112069457564"], ["0.247066648234", "0.741199944703", "0.0117334070624"], ["0.246927448697", "0.740782346091", "0.0122902052121"], ["0.246780160725", "0.740340482175", "0.0128793570999"], ["0.246624243065", "0.739872729195", "0.0135030277399"], ["0.246459114558", "0.739377343673", "0.014163541769"], ["0.246284151041", "0.738852453122", "0.0148633958372"], ["0.246098682014", "0.738296046042", "0.0156052719441"], ["0.245901987054", "0.737705961163", "0.0163920517832"], ["0.245693291962", "0.737079875885", "0.0172268321534"], ["0.245471764625", "0.736415293875", "0.0181129414995"], ["0.245236510589", "0.735709531768", "0.0190539576427"], ["0.244986568311", "0.734959704932", "0.0200537267569"], ["0.244720904089", "0.734162712267", "0.0211163836443"], ["0.24443840666", "0.733315219981", "0.0222463733589"], ["0.244137881447", "0.73241364434", "0.0234484742133"], ["0.243818044451", "0.731454133352", "0.0247278221973"], ["0.243477515796", "0.730432547387", "0.026089936817"], ["0.243114812914", "0.729344438741", "0.0275407483456"], ["0.242728343387", "0.728185030162", "0.0290866264501"], ["0.242316397468", "0.726949192404", "0.0307344101275"], ["0.241877140289", "0.725631420866", "0.0324914388448"], ["0.241408603818", "0.724225811453", "0.034365584729"], ["0.2409086786", "0.7227260358", "0.0363652855999"], ["0.240375105358", "0.721125316075", "0.0384995785665"], ["0.239805466542", "0.719416399625", "0.0407781338338"], ["0.239197177933", "0.717591533798", "0.0432112882699"], ["0.238547480455", "0.715642441364", "0.0458100781808"], ["0.237853432346", "0.713560297038", "0.048586270616"], ["0.237111901902", "0.711335705705", "0.0515523923939"], ["0.236319561029", "0.708958683087", "0.0547217558834"], ["0.235472879898", "0.706418639693", "0.0581084804096"], ["0.234568123006", "0.703704369017", "0.0617275079779"], ["0.233601347046", "0.700804041138", "0.0655946118166"], ["0.232568400987", "0.697705202962", "0.0697263960502"], ["0.231464928845", "0.694394786535", "0.0741402846205"], ["0.230286375652", "0.690859126955", "0.0788544973931"], ["0.229027997193", "0.687083991579", "0.0838880112278"], ["0.227684874084", "0.683054622252", "0.0892605036635"], ["0.226251930801", "0.678755792402", "0.0949922767974"], ["0.224723960267", "0.674171880801", "0.101104158932"], ["0.223095654588", "0.669286963764", "0.107617381648"], ["0.221361642461", "0.664084927384", "0.114553430154"], ["0.219516533724", "0.658549601172", "0.121933865104"], ["0.217554971368", "0.652664914104", "0.129780114528"], ["0.215471691201", "0.646415073604", "0.138113235194"], ["0.213261589122", "0.639784767366", "0.146953643513"], ["0.210919795726", "0.632759387178", "0.156320817096"], ["0.208441757689", "0.625325273067", "0.166232969244"], ["0.205823325027", "0.617469975082", "0.176706699891"], ["0.203060843015", "0.609182529044", "0.187756627941"], ["0.200151247169", "0.600453741506", "0.199395011325"], ["0.197092159385", "0.591276478156", "0.211631362459"], ["0.193881982983", "0.581645948949", "0.224472068068"], ["0.190519994172", "0.571559982515", "0.237920023314"], ["0.187006427265", "0.561019281795", "0.25197429094"], ["0.18334255089", "0.550027652671", "0.266629796439"], ["0.179530732461", "0.538592197382", "0.281877070157"], ["0.175574488344", "0.526723465031", "0.297702046625"], ["0.171478517431", "0.514435552292", "0.314085930278"], ["0.16724871621", "0.501746148629", "0.331005135162"], ["0.162892173962", "0.488676521885", "0.348431304154"], ["0.158417147268", "0.475251441805", "0.366331410927"], ["0.153833013676", "0.461499041029", "0.384667945295"], ["0.149150205014", "0.447450615043", "0.403399179943"], ["0.144380121501", "0.433140364503", "0.422479513996"], ["0.139535028387", "0.418605085162", "0.44185988645"], ["0.134627937384", "0.403883812151", "0.461488250465"], ["0.129672475544", "0.389017426632", "0.481310097824"], ["0.12468274458", "0.374048233741", "0.501269021678"], ["0.119673173757", "0.359019521272", "0.521307304971"], ["0.11465836956", "0.343975108681", "0.541366521759"], ["0.109652965284", "0.328958895853", "0.561388138862"], ["0.104671473509", "0.314014420526", "0.581314105966"], ["0.0997281441757", "0.299184432527", "0.601087423297"], ["0.094836830685", "0.284510492055", "0.62065267726"], ["0.090010866032", "0.270032598096", "0.639956535872"], ["0.0852629506485", "0.255788851946", "0.658948197406"], ["0.0806050531959", "0.241815159588", "0.677579787216"], ["0.0760483251765", "0.22814497553", "0.695806699294"], ["0.0716030298581", "0.214809089574", "0.713587880567"], ["0.0672784856668", "0.201835457", "0.730886057333"], ["0.0630830239015", "0.189249071704", "0.747667904394"], ["0.0590239603598", "0.17707188108", "0.763904158561"], ["0.055107580245", "0.165322740735", "0.77956967902"], ["0.0513391355441", "0.154017406632", "0.794643457824"], ["0.0477228539321", "0.143168561796", "0.809108584272"], ["0.0442619581527", "0.132785874458", "0.822952167389"], ["0.040958694764", "0.122876084292", "0.836165220944"], ["0.0378143710992", "0.113443113298", "0.848742515603"], ["0.0348293992857", "0.104488197857", "0.860682402857"], ["0.0320033461772", "0.0960100385315", "0.871986615291"], ["0.0293349880879", "0.0880049642636", "0.882660047649"], ["0.0268223692642", "0.0804671077925", "0.892710522943"], ["0.0244628630881", "0.0733885892644", "0.902148547648"], ["0.0222532350756", "0.0667597052268", "0.910987059698"], ["0.0201897068063", "0.0605691204188", "0.919241172775"], ["0.0182680200003", "0.0548040600008", "0.926927919999"], ["0.0164835000365", "0.0494505001094", "0.934065999854"]], "EA": 0.0, "reverse_rates": [["3.61248487012e-08", "0.0854675921644", "0.0", "3.61248487012e-08", "0.0", "0.0"], ["3.5706887277e-08", "0.083231263893", "0.0", "3.5706887277e-08", "0.0", "0.0"], ["3.53121578535e-08", "0.0810627853008", "0.0", "3.53121578535e-08", "0.0", "0.0"], ["3.49389474162e-08", "0.0789585670154", "0.0", "3.49389474162e-08", "0.0", "0.0"], ["3.45855847504e-08", "0.0769151872352", "0.0", "3.45855847504e-08", "0.0", "0.0"], ["3.4250436594e-08", "0.0749293869896", "0.0", "3.4250436594e-08", "0.0", "0.0"], ["3.3931903776e-08", "0.0729980651762", "0.0", "3.3931903776e-08", "0.0", "0.0"], ["3.36284173405e-08", "0.0711182734097", "0.0", "3.36284173405e-08", "0.0", "0.0"], ["3.33384346581e-08", "0.0692872107165", "0.0", "3.33384346581e-08", "0.0", "0.0"], ["3.30604355269e-08", "0.0675022181113", "0.0", "3.30604355269e-08", "0.0", "0.0"], ["3.27929182691e-08", "0.065760773092", "0.0", "3.27929182691e-08", "0.0", "0.0"], ["3.25343958311e-08", "0.0640604840905", "0.0", "3.25343958311e-08", "0.0", "0.0"], ["3.22833918975e-08", "0.0623990849153", "0.0", "3.22833918975e-08", "0.0", "0.0"], ["3.20384370349e-08", "0.0607744292231", "0.0", "3.20384370349e-08", "0.0", "0.0"], ["3.17980648831e-08", "0.0591844850549", "0.0", "3.17980648831e-08", "0.0", "0.0"], ["3.15608084216e-08", "0.057627329474", "0.0", "3.15608084216e-08", "0.0", "0.0"], ["3.13251963391e-08", "0.0561011433377", "0.0", "3.13251963391e-08", "0.0", "0.0"], ["3.10897495481e-08", "0.0546042062406", "0.0", "3.10897495481e-08", "0.0", "0.0"], ["3.08529778903e-08", "0.0531348916619", "0.0", "3.08529778903e-08", "0.0", "0.0"], ["3.06133770919e-08", "0.0516916623502", "0.0", "3.06133770919e-08", "0.0", "0.0"], ["3.03694260389e-08", "0.0502730659812", "0.0", "3.03694260389e-08", "0.0", "0.0"], ["3.01195844568e-08", "0.0488777311211", "0.0", "3.01195844568e-08", "0.0", "0.0"], ["2.98622910932e-08", "0.0475043635306", "0.0", "2.98622910932e-08", "0.0", "0.0"], ["2.95959625227e-08", "0.0461517428448", "0.0", "2.95959625227e-08", "0.0", "0.0"], ["2.93189927109e-08", "0.0448187196661", "0.0", "2.93189927109e-08", "0.0", "0.0"], ["2.90297534978e-08", "0.0435042131065", "0.0", "2.90297534978e-08", "0.0", "0.0"], ["2.8726596186e-08", "0.0422072088194", "0.0", "2.8726596186e-08", "0.0", "0.0"], ["2.8407854444e-08", "0.0409267575618", "0.0", "2.8407854444e-08", "0.0", "0.0"], ["2.80718487652e-08", "0.0396619743299", "0.0", "2.80718487652e-08", "0.0", "0.0"], ["2.77168927498e-08", "0.0384120381119", "0.0", "2.77168927498e-08", "0.0", "0.0"], ["2.73413015091e-08", "0.0371761923042", "0.0", "2.73413015091e-08", "0.0", "0.0"], ["2.6943402516e-08", "0.0359537458385", "0.0", "2.6943402516e-08", "0.0", "0.0"], ["2.65215492523e-08", "0.0347440750657", "0.0", "2.65215492523e-08", "0.0", "0.0"], ["2.60741380195e-08", "0.0335466264426", "0.0", "2.60741380195e-08", "0.0", "0.0"], ["2.55996282899e-08", "0.0323609200646", "0.0", "2.55996282899e-08", "0.0", "0.0"], ["2.50965669666e-08", "0.0311865540802", "0.0", "2.50965669666e-08", "0.0", "0.0"], ["2.45636168946e-08", "0.0300232100157", "0.0", "2.45636168946e-08", "0.0", "0.0"], ["2.39995899109e-08", "0.0288706590248", "0.0", "2.39995899109e-08", "0.0", "0.0"], ["2.34034846289e-08", "0.0277287690567", "0.0", "2.34034846289e-08", "0.0", "0.0"], ["2.2774529012e-08", "0.0265975129092", "0.0", "2.2774529012e-08", "0.0", "0.0"], ["2.2112227595e-08", "0.0254769771", "0.0", "2.2112227595e-08", "0.0", "0.0"], ["2.14164129385e-08", "0.0243673714327", "0.0", "2.14164129385e-08", "0.0", "0.0"], ["2.06873005471e-08", "0.02326903908", "0.0", "2.06873005471e-08", "0.0", "0.0"], ["1.99255460337e-08", "0.0221824669174", "0.0", "1.99255460337e-08", "0.0", "0.0"], ["1.91323027613e-08", "0.0211082957448", "0.0", "1.91323027613e-08", "0.0", "0.0"], ["1.83092775486e-08", "0.0200473299102", "0.0", "1.83092775486e-08", "0.0", "0.0"], ["1.74587813009e-08", "0.0190005457056", "0.0", "1.74587813009e-08", "0.0", "0.0"], ["1.65837706677e-08", "0.0179690977422", "0.0", "1.65837706677e-08", "0.0", "0.0"], ["1.56878760904e-08", "0.0169543223391", "0.0", "1.56878760904e-08", "0.0", "0.0"], ["1.47754110065e-08", "0.0159577367867", "0.0", "1.47754110065e-08", "0.0", "0.0"], ["1.38513566471e-08", "0.0149810332032", "0.0", "1.38513566471e-08", "0.0", "0.0"], ["1.29213169989e-08", "0.0140260656159", "0.0", "1.29213169989e-08", "0.0", "0.0"], ["1.19914392799e-08", "0.0130948289232", "0.0", "1.19914392799e-08", "0.0", "0.0"], ["1.10682969055e-08", "0.0121894285756", "0.0", "1.10682969055e-08", "0.0", "0.0"], ["1.01587345015e-08", "0.0113120402134", "0.0", "1.01587345015e-08", "0.0", "0.0"], ["9.26967804479e-09", "0.0104648591532", "0.0", "9.26967804479e-09", "0.0", "0.0"], ["8.40791744161e-09", "0.00965004053962", "0.0", "8.40791744161e-09", "0.0", "0.0"], ["7.57987330837e-09", "0.00886963211148", "0.0", "7.57987330837e-09", "0.0", "0.0"], ["6.79136365355e-09", "0.00812550276736", "0.0", "6.79136365355e-09", "0.0", "0.0"], ["6.0473887002e-09", "0.00741927124547", "0.0", "6.0473887002e-09", "0.0", "0.0"], ["5.35195241544e-09", "0.00675224002398", "0.0", "5.35195241544e-09", "0.0", "0.0"], ["4.70793693347e-09", "0.00612533976", "0.0", "4.70793693347e-09", "0.0", "0.0"], ["4.11704103198e-09", "0.00553908906495", "0.0", "4.11704103198e-09", "0.0", "0.0"], ["3.57978685501e-09", "0.00499357315104", "0.0", "3.57978685501e-09", "0.0", "0.0"], ["3.0955914024e-09", "0.00448844304301", "0.0", "3.0955914024e-09", "0.0", "0.0"], ["2.66289236986e-09", "0.00402293494336", "0.0", "2.66289236986e-09", "0.0", "0.0"], ["2.27931296992e-09", "0.00359590734714", "0.0", "2.27931296992e-09", "0.0", "0.0"], ["1.94184810281e-09", "0.00320589196486", "0.0", "1.94184810281e-09", "0.0", "0.0"], ["1.64705471567e-09", "0.00285115364394", "0.0", "1.64705471567e-09", "0.0", "0.0"], ["1.39123183916e-09", "0.00252975432974", "0.0", "1.39123183916e-09", "0.0", "0.0"], ["1.17057973924e-09", "0.00223961657356", "0.0", "1.17057973924e-09", "0.0", "0.0"], ["9.81331940112e-10", "0.00197858298018", "0.0", "9.81331940112e-10", "0.0", "0.0"], ["8.19857813832e-10", "0.00174446906523", "0.0", "8.19857813832e-10", "0.0", "0.0"], ["6.82736536513e-10", "0.00153510806666", "0.0", "6.82736536513e-10", "0.0", "0.0"], ["5.66805313946e-10", "0.00134838718608", "0.0", "5.66805313946e-10", "0.0", "0.0"], ["4.69185934464e-10", "0.00118227545491", "0.0", "4.69185934464e-10", "0.0", "0.0"], ["3.87294096138e-10", "0.00103484390998", "0.0", "3.87294096138e-10", "0.0", "0.0"], ["3.1883580477e-10", "0.000904279046639", "0.0", "3.1883580477e-10", "0.0", "0.0"], ["2.61794662833e-10", "0.000788890635231", "0.0", "2.61794662833e-10", "0.0", "0.0"], ["2.14413239574e-10", "0.000687114985325", "0.0", "2.14413239574e-10", "0.0", "0.0"], ["1.75171050854e-10", "0.000597514664566", "0.0", "1.75171050854e-10", "0.0", "0.0"], ["1.4276105946e-10", "0.000518775559363", "0.0", "1.4276105946e-10", "0.0", "0.0"], ["1.16066071805e-10", "0.000449702028466", "0.0", "1.16066071805e-10", "0.0", "0.0"], ["9.41359692168e-11", "0.000389210764553", "0.0", "9.41359692168e-11", "0.0", "0.0"], ["7.61663694796e-11", "0.000336323853315", "0.0", "7.61663694796e-11", "0.0", "0.0"], ["6.14790567196e-11", "0.000290161409312", "0.0", "6.14790567196e-11", "0.0", "0.0"], ["4.95043313325e-11", "0.000249934074771", "0.0", "4.95043313325e-11", "0.0", "0.0"], ["3.97653021405e-11", "0.000214935591167", "0.0", "3.97653021405e-11", "0.0", "0.0"], ["3.18640572734e-11", "0.000184535592374", "0.0", "3.18640572734e-11", "0.0", "0.0"], ["2.54695972335e-11", "0.000158172720327", "0.0", "2.54695972335e-11", "0.0", "0.0"], ["2.03073841809e-11", "0.000135348127405", "0.0", "2.03073841809e-11", "0.0", "0.0"], ["1.61503485799e-11", "0.000115619402045", "0.0", "1.61503485799e-11", "0.0", "0.0"], ["1.28111926272e-11", "9.85949335967e-05", "0.0", "1.28111926272e-11", "0.0", "0.0"], ["1.01358353668e-11", "8.39287176293e-05", "0.0", "1.01358353668e-11", "0.0", "0.0"], ["7.99785424166e-12", "7.13155924566e-05", "0.0", "7.99785424166e-12", "0.0", "0.0"], ["6.29379002475e-12", "6.0486890537e-05", "0.0", "6.29379002475e-12", "0.0", "0.0"], ["4.93919524555e-12", "5.12064838163e-05", "0.0", "4.93919524555e-12", "0.0", "0.0"], ["3.86531947746e-12", "4.32671993408e-05", "0.0", "3.86531947746e-12", "0.0", "0.0"], ["3.01633759735e-12", "3.64875800923e-05", "0.0", "3.01633759735e-12", "0.0", "0.0"], ["2.34703903826e-12", "3.0708965598e-05", "0.0", "2.34703903826e-12", "0.0", "0.0"], ["1.82090694797e-12", "2.57928671547e-05", "0.0", "1.82090694797e-12", "0.0", "0.0"], ["1.40852597229e-12", "2.16186132683e-05", "0.0", "1.40852597229e-12", "0.0", "0.0"], ["1.086266104e-12", "1.80812419766e-05", "0.0", "1.086266104e-12", "0.0", "0.0"], ["8.35197720619e-13", "1.50896179899e-05", "0.0", "8.35197720619e-13", "0.0", "0.0"], ["6.40199648727e-13", "1.25647539464e-05", "0.0", "6.40199648727e-13", "0.0", "0.0"], ["4.89227921818e-13", "1.0438316499e-05", "0.0", "4.89227921818e-13", "0.0", "0.0"], ["3.72717931992e-13", "8.65129936023e-06", "0.0", "3.72717931992e-13", "0.0", "0.0"], ["2.83097000307e-13", "7.15284681948e-06", "0.0", "2.83097000307e-13", "0.0", "0.0"], ["2.14388090312e-13", "5.89921258509e-06", "0.0", "2.14388090312e-13", "0.0", "0.0"], ["1.61888541987e-13", "4.85284007635e-06", "0.0", "1.61888541987e-13", "0.0", "0.0"], ["1.21910380265e-13", "3.98155149771e-06", "0.0", "1.21910380265e-13", "0.0", "0.0"], ["9.15710174584e-14", "3.25783415788e-06", "0.0", "9.15710174584e-14", "0.0", "0.0"], ["6.86250795674e-14", "2.65821355302e-06", "0.0", "6.86250795674e-14", "0.0", "0.0"], ["5.13296928491e-14", "2.16270371442e-06", "0.0", "5.13296928491e-14", "0.0", "0.0"], ["3.83369136721e-14", "1.75432622945e-06", "0.0", "3.83369136721e-14", "0.0", "0.0"], ["2.86081100203e-14", "1.41869018231e-06", "0.0", "2.86081100203e-14", "0.0", "0.0"], ["2.13460406696e-14", "1.14362603175e-06", "0.0", "2.13460406696e-14", "0.0", "0.0"], ["1.59411569584e-14", "9.18867149675e-07", "0.0", "1.59411569584e-14", "0.0", "0.0"], ["1.19292971357e-14", "7.35773390948e-07", "0.0", "1.19292971357e-14", "0.0", "0.0"], ["8.95847586897e-15", "5.87091655046e-07", "0.0", "8.95847586897e-15", "0.0", "0.0"], ["6.76290987153e-15", "4.66748937435e-07", "0.0", "6.76290987153e-15", "0.0", "0.0"], ["5.14278029475e-15", "3.69673856909e-07", "0.0", "5.14278029475e-15", "0.0", "0.0"], ["3.94852672044e-15", "2.91643087785e-07", "0.0", "3.94852672044e-15", "0.0", "0.0"], ["3.0687074089e-15", "2.29149526393e-07", "0.0", "3.0687074089e-15", "0.0", "0.0"], ["2.42065531994e-15", "1.79289382832e-07", "0.0", "2.42065531994e-15", "0.0", "0.0"], ["1.94331721077e-15", "1.39665714748e-07", "0.0", "1.94331721077e-15", "0.0", "0.0"], ["1.59179044014e-15", "1.08306212612e-07", "0.0", "1.59179044014e-15", "0.0", "0.0"], ["1.33317448537e-15", "8.35933086662e-08", "0.0", "1.33317448537e-15", "0.0", "0.0"], ["1.1434361965e-15", "6.42049166949e-08", "0.0", "1.1434361965e-15", "0.0", "0.0"], ["1.00505326845e-15", "4.90643197053e-08", "0.0", "1.00505326845e-15", "0.0", "0.0"], ["9.05252447524e-16", "3.72979096013e-08", "0.0", "9.05252447524e-16", "0.0", "0.0"], ["8.34700182048e-16", "2.81996491672e-08", "0.0", "8.34700182048e-16", "0.0", "0.0"], ["7.86535893834e-16", "2.12012741053e-08", "0.0", "7.86535893834e-16", "0.0", "0.0"], ["7.55663513542e-16", "1.58473832811e-08", "0.0", "7.55663513542e-16", "0.0", "0.0"], ["7.3823679345e-16", "1.17746804065e-08", "0.0", "7.3823679345e-16", "0.0", "0.0"], ["7.31289325309e-16", "8.69473165945e-09", "0.0", "7.31289325309e-16", "0.0", "0.0"], ["7.3247207167e-16", "6.37969260215e-09", "0.0", "7.3247207167e-16", "0.0", "0.0"], ["7.39870313034e-16", "4.65053551085e-09", "0.0", "7.39870313034e-16", "0.0", "0.0"], ["7.51878824399e-16", "3.36737603559e-09", "0.0", "7.51878824399e-16", "0.0", "0.0"], ["7.67119312202e-16", "2.42155705161e-09", "0.0", "7.67119312202e-16", "0.0", "0.0"], ["7.84388061505e-16", "1.72919862638e-09", "0.0", "7.84388061505e-16", "0.0", "0.0"], ["8.0262468177e-16", "1.22596711332e-09", "0.0", "8.0262468177e-16", "0.0", "0.0"], ["8.20895051467e-16", "8.62854324328e-10", "0.0", "8.20895051467e-16", "0.0", "0.0"], ["8.38383245357e-16", "6.02790289144e-10", "0.0", "8.38383245357e-16", "0.0", "0.0"], ["8.54388534235e-16", "4.17940974639e-10", "0.0", "8.54388534235e-16", "0.0", "0.0"], ["8.68324584199e-16", "2.8756614001e-10", "0.0", "8.68324584199e-16", "0.0", "0.0"], ["8.7971882552e-16", "1.96332808992e-10", "0.0", "8.7971882552e-16", "0.0", "0.0"], ["8.88210656096e-16", "1.32997145028e-10", "0.0", "8.88210656096e-16", "0.0", "0.0"], ["8.93547717052e-16", "8.9382253235e-11", "0.0", "8.93547717052e-16", "0.0", "0.0"], ["8.95579940598e-16", "5.95919745129e-11", "0.0", "8.95579940598e-16", "0.0", "0.0"], ["8.94251428324e-16", "3.94113950779e-11", "0.0", "8.94251428324e-16", "0.0", "0.0"], ["8.89590475912e-16", "2.5853830757e-11", "0.0", "8.89590475912e-16", "0.0", "0.0"], ["8.81698223814e-16", "1.68216782846e-11", "0.0", "8.81698223814e-16", "0.0", "0.0"], ["8.70736492771e-16", "1.08549396563e-11", "0.0", "8.70736492771e-16", "0.0", "0.0"], ["8.56915371681e-16", "6.94657793013e-12", "0.0", "8.56915371681e-16", "0.0", "0.0"], ["8.40481079655e-16", "4.40829148745e-12", "0.0", "8.40481079655e-16", "0.0", "0.0"], ["8.21704541329e-16", "2.77392173107e-12", "0.0", "8.21704541329e-16", "0.0", "0.0"], ["8.00871011311e-16", "1.73064816424e-12", "0.0", "8.00871011311e-16", "0.0", "0.0"], ["7.78270974136e-16", "1.07047681443e-12", "0.0", "7.78270974136e-16", "0.0", "0.0"], ["7.54192441762e-16", "6.56386160388e-13", "0.0", "7.54192441762e-16", "0.0", "0.0"], ["7.28914678973e-16", "3.98943274264e-13", "0.0", "7.28914678973e-16", "0.0", "0.0"], ["7.02703312693e-16", "2.40316796408e-13", "0.0", "7.02703312693e-16", "0.0", "0.0"], ["6.75806725723e-16", "1.43458214892e-13", "0.0", "6.75806725723e-16", "0.0", "0.0"], ["6.48453598175e-16", "8.48549542851e-14", "0.0", "6.48453598175e-16", "0.0", "0.0"], ["6.20851439051e-16", "4.97251885107e-14", "0.0", "6.20851439051e-16", "0.0", "0.0"], ["5.93185943035e-16", "2.8863873634e-14", "0.0", "5.93185943035e-16", "0.0", "0.0"], ["5.65621010638e-16", "1.6593479431e-14", "0.0", "5.65621010638e-16", "0.0", "0.0"], ["5.38299280281e-16", "9.44592847702e-15", "0.0", "5.38299280281e-16", "0.0", "0.0"], ["5.1134303608e-16", "5.32340473477e-15", "0.0", "5.1134303608e-16", "0.0", "0.0"], ["4.84855372781e-16", "2.96946707989e-15", "0.0", "4.84855372781e-16", "0.0", "0.0"], ["4.58921517784e-16", "1.63912136585e-15", "0.0", "4.58921517784e-16", "0.0", "0.0"], ["4.33610228254e-16", "8.95115223812e-16", "0.0", "4.33610228254e-16", "0.0", "0.0"], ["4.08975198245e-16", "4.83465319341e-16", "0.0", "4.08975198245e-16", "0.0", "0.0"], ["3.8505642603e-16", "2.58192969113e-16", "0.0", "3.8505642603e-16", "0.0", "0.0"], ["3.61881505584e-16", "1.36295078708e-16", "0.0", "3.61881505584e-16", "0.0", "0.0"], ["3.39466818395e-16", "7.10927190021e-17", "0.0", "3.39466818395e-16", "0.0", "0.0"], ["3.17818613206e-16", "3.66284610906e-17", "0.0", "3.17818613206e-16", "0.0", "0.0"], ["2.96933972529e-16", "1.86330974278e-17", "0.0", "2.96933972529e-16", "0.0", "0.0"], ["2.76801677077e-16", "9.35471765077e-18", "0.0", "2.76801677077e-16", "0.0", "0.0"], ["2.57402994036e-16", "4.63277041191e-18", "0.0", "2.57402994036e-16", "0.0", "0.0"], ["2.38712434432e-16", "2.26190871838e-18", "0.0", "2.38712434432e-16", "0.0", "0.0"], ["2.2069855113e-16", "1.088083932e-18", "0.0", "2.2069855113e-16", "0.0", "0.0"], ["2.03324884881e-16", "5.15339957611e-19", "0.0", "2.03324884881e-16", "0.0", "0.0"], ["1.86551213606e-16", "2.40112142259e-19", "0.0", "1.86551213606e-16", "0.0", "0.0"], ["1.70335319477e-16", "1.09954071983e-19", "0.0", "1.70335319477e-16", "0.0", "0.0"], ["1.54635553365e-16", "4.94315210528e-20", "0.0", "1.54635553365e-16", "0.0", "0.0"], ["1.39414528252e-16", "2.17884548391e-20", "0.0", "1.39414528252e-16", "0.0", "0.0"], ["1.24644271354e-16", "9.40182664241e-21", "0.0", "1.24644271354e-16", "0.0", "0.0"], ["1.10313035195e-16", "3.96439435865e-21", "0.0", "1.10313035195e-16", "0.0", "0.0"], ["9.64336009972e-17", "1.63005238567e-21", "0.0", "9.64336009972e-17", "0.0", "0.0"], ["8.30521852321e-17", "6.51961348422e-22", "0.0", "8.30521852321e-17", "0.0", "0.0"], ["7.02559442569e-17", "2.52944067311e-22", "0.0", "7.02559442569e-17", "0.0", "0.0"], ["5.81757779e-17", "9.48983540784e-23", "0.0", "5.81757779e-17", "0.0", "0.0"], ["4.69803227704e-17", "3.43135421456e-23", "0.0", "4.69803227704e-17", "0.0", "0.0"], ["3.68577954521e-17", "1.19159404301e-23", "0.0", "3.68577954521e-17", "0.0", "0.0"], ["2.79856611187e-17", "3.96040807562e-24", "0.0", "2.79856611187e-17", "0.0", "0.0"], ["2.04936475146e-17", "1.25568178844e-24", "0.0", "2.04936475146e-17", "0.0", "0.0"], ["1.44309003906e-17", "3.7869087452e-25", "0.0", "1.44309003906e-17", "0.0", "0.0"], ["9.74927060841e-18", "1.08369059461e-25", "0.0", "9.74927060841e-18", "0.0", "0.0"], ["6.30965891214e-18", "2.93716589824e-26", "0.0", "6.30965891214e-18", "0.0", "0.0"]], "pressures": [["0.2496683598917775240127018", "0.00002164361082997767540022601", "0.7490700105078224529726565", "0.001239985989570107867105854", "0.0"], ["0.2496528717491717854061448", "0.00002211925634688325331276065", "0.7490249730165559018505554", "0.001300035977925402572100828", "0.0"], ["0.2496364212764104313925519", "0.00002261697485048201039794703", "0.7489771147537827401833826", "0.001363846994956298190778366", "0.0"], ["0.2496189453990108889527566", "0.00002313732366792560918005953", "0.7489262481680364436353683", "0.001431669109284792531508963", "0.0"], ["0.2496003768437411981786604", "0.00002368087502300570052885219", "0.7488721731562926632108669", "0.001503769124943262492353865", "0.0"], ["0.2495806438726872621369396", "0.00002424821502178213708518423", "0.7488146762631269789429269", "0.001580431649163871233686453", "0.0"], ["0.2495596700051146233813558", "0.00002483994240862489040715793", "0.7487535298425698472420546", "0.001661960209906953797413396", "0.0"], ["0.2495373737276907675794528", "0.00002545666706347157132616709", "0.7486884911842627175518168", "0.001748678420983023388087416", "0.0"], ["0.2495136681939393815333666", "0.00002609900820843580767706573", "0.7486193016064434522000834", "0.001840931191408753518811159", "0.0"], ["0.2494884609141717303366781", "0.00002676759228918336746861817", "0.7485456855193826905359197", "0.001939085974156448885228169", "0.0"], ["0.2494616534375907163632399", "0.00002746305049377636103364311", "0.7484673494642533771798532", "0.002043534047662102757622207", "0.0"], ["0.2494331410288072729365433", "0.00002818601586904992809121657", "0.7483839811340289183740262", "0.002154691821294760195489596", "0.0"], ["0.2494028123416582796543401", "0.00002893711999213942005510991", "0.7482952483849512570277168", "0.002273002153398303075518328", "0.0"], ["0.2493705490939909104920067", "0.0000297169891526518493608669", "0.7482007982494305876846669", "0.002398935667425754632861604", "0.0"], ["0.2493362257479964428861743", "0.00003052623999935368995397912", "0.7481002559639873404292324", "0.002532992048016838596278169", "0.0"], ["0.2492997092017619339886985", "0.00003136547460435591970172348", "0.7479932240290987710909017", "0.002675701294534877596744466", "0.0"], ["0.2492608584989818272156016", "0.00003223527489790178630668532", "0.7478792813216391374788366", "0.002827624904481240911079659", "0.0"], ["0.2492195245652617147852715", "0.000033136196428364235102727", "0.7477579822850701388407228", "0.00298935695323967254688712", "0.0"], ["0.2491755499811808259977832", "0.00003406876140538490040413668", "0.7476288562277585837118666", "0.003161525029655236541566295", "0.0"], ["0.2491287688042842454056632", "0.00003503345098977925291190814", "0.7474914067658220738803972", "0.003344790978903882841124985", "0.0"], ["0.2490790064544881028616344", "0.00003603069680256844492415957", "0.7473451114538719649066056", "0.003539851394837333201256053", "0.0"], ["0.2490260796800183505351734", "0.0000370608716380813690377742", "0.7471894216549692472534935", "0.003747437793374297350685944", "0.0"], ["0.2489697966240061578301363", "0.00003812427938346589524881935", "0.747023762710168822531122", "0.003968316386441550937466567", "0.0"], ["0.2489099570152404664104016", "0.00003922114417030792104170556", "0.7468475344782323233702144", "0.004203287362356941881057424", "0.0"], ["0.24884635251035267246982", "0.00004035159881471628766583052", "0.7466601123275020703911432", "0.00445318356333052304943084", "0.0"], ["0.2487787672188747064733732", "0.0000415156726417460033318139", "0.7464608486745491659804988", "0.004718868433934235667158021", "0.0"], ["0.2487069784471543524284678", "0.0000427132788401602610837045", "0.7462490751779834428721666", "0.005001233096022019848235546", "0.0"], ["0.2486307577019809767294758", "0.00004394420155624478674646406", "0.7460241057106115218938033", "0.005301192385851143143576416", "0.0"], ["0.2485498719998897354105676", "0.00004520808301282414586445382", "0.7457852402487076786692977", "0.00561967966838969240731796", "0.0"], ["0.2484640855333334010592357", "0.00004650441103403827979512233", "0.7455317698331022234688809", "0.00595764022253029741537815", "0.0"], ["0.2483731617500364708711301", "0.00004783250747007612269059481", "0.745262982772519640614882", "0.006316022969973900267284685", "0.0"], ["0.2482768659065829143834651", "0.00004919151815102707916132694", "0.7449781722742018236573263", "0.006695770301064326186722574", "0.0"], ["0.2481749681612265940619369", "0.00005058040515696926098724031", "0.7446766456991505960617672", "0.007097805734465803114840688", "0.0"], ["0.2480672472735063383921599", "0.00005199794237327537253092783", "0.7443577356476387491704868", "0.00752301913648166838908665", "0.0"], ["0.2479534949787638723659113", "0.00005344271550549027947669862", "0.7440208130828080886589783", "0.007972249222922438859654651", "0.0"], ["0.2478335211031657122982826", "0.00005491312795467446678688446", "0.7436653026933611602952083", "0.008446263075518393157086226", "0.0"], ["0.2477071594781245839487379", "0.00005640741419659176571731033", "0.7432907006769635737960705", "0.008945732430715233964261788", "0.0"], ["0.2475742747006397117949562", "0.00005792366255732046492901984", "0.7428965950895910052321786", "0.009471206547211928652593775", "0.0"], ["0.2474347697662443929707441", "0.00005945984951914904645844258", "0.7424826888472907179915515", "0.01002308153694577275427095", "0.0"], ["0.2472885945719104492394642", "0.0000610138879022470751993895", "0.7420488253794380427793337", "0.01060156616074922309005758", "0.0"], ["0.2471357552450890171179544", "0.0000625836914190148828610872", "0.7415950168095240499984698", "0.01120664425396789989193399", "0.0"], ["0.2469763241996409850477201", "0.0000641672581479155999488262", "0.7411214743733666582146391", "0.011838034168844454585911", "0.0"], ["0.2468104507473826475410067", "0.00006576277536864188186370702", "0.7406286405682537790062284", "0.01249514590899481966773116", "0.0"], ["0.2466383720034990718786484", "0.00006736874787466338138355497", "0.740117222254121295434284", "0.01317703699450498988487881", "0.0"], ["0.2464604237143606692941948", "0.00006898415125529488516056725", "0.7395882235968478939340814", "0.01388236853753613892808352", "0.0"], ["0.2462770505084291049174335", "0.00007060861063318296568315023", "0.7390429773571867746125411", "0.01460936352375086669618457", "0.0"], ["0.2460888149290754453961056", "0.00007224260387241870939244782", "0.7384831725988435493379239", "0.01535576986820859138312424", "0.0"], ["0.2458964044607644156777021", "0.00007388768627273467249621904", "0.7379108764411114510505951", "0.01611883141185141918770368", "0.0"], ["0.2457006356215764795856188", "0.00007554673121297823159737502", "0.7373285470583682429781751", "0.01689527058884214774478041", "0.0"], ["0.2455024540870358982786773", "0.00007722417815210134235977314", "0.7367390347955639124216971", "0.01768128693924814016153346", "0.0"], ["0.2453029297620808827010945", "0.00007892627600047234677101722", "0.736145568114244065143594", "0.01847257584767462856421608", "0.0"], ["0.2451032457659784740572207", "0.00008066130645267179327364266", "0.7355517212172933931002482", "0.01926437171027541786215456", "0.0"], ["0.2449046804785527717662445", "0.00008243976891968330001494325", "0.7349613607424172762664076", "0.02005151901011028437019903", "0.0"], ["0.2447085821508581358217988", "0.00008427450688581497883989404", "0.7343785699732318517254505", "0.02082857336902417946170333", "0.0"], ["0.2445163361298142036121832", "0.00008618075563625429674049473", "0.7338075506563514606783095", "0.02158993245819814451956327", "0.0"], ["0.2443293254751978706977851", "0.00008817609413326674847371212", "0.7332525047079933273810984", "0.02232999372267555534052713", "0.0"], ["0.244148886605691109860102", "0.0000902802899107272883442378", "0.7327175006868054244571873", "0.02304333241759260793190892", "0.0"], ["0.2439762624927825261016744", "0.00009251503525540589983860717", "0.7322063325841138833453137", "0.02372488988784825768339237", "0.0"], ["0.2438125566735367702086185", "0.00009490358494775824950970038", "0.731722380775453496712045", "0.02437015896606183719451101", "0.0"], ["0.2436586917975252004887601", "0.00009747031888373792594291275", "0.7312684863492266866848798", "0.02497535153436420013118314", "0.0"], ["0.2435153764002722087319672", "0.0001002402647180828153833804", "0.7308468499949707501109972", "0.02553753334003882771450324", "0.0"], ["0.2433830830183209475557909", "0.000103238623729695386553919", "0.7304589649261517637398267", "0.02605471343179743635568175", "0.0"], ["0.243262039659314894965568", "0.0001064903453220347958340658", "0.7301055900139108699729918", "0.0265258799814522756295158", "0.0"], ["0.2431522351754953521822356", "0.000110019790993650271732317", "0.7297867648994668393286227", "0.02695098013404409614245146", "0.0"], ["0.2430534375235300263235407", "0.0001138505178748420951832486", "0.7295018641242145214114578", "0.02733084783438063507105965", "0.0"], ["0.2429652225232430789982101", "0.00011800519714376545151927", "0.7292496831611604083229862", "0.02766708911845267590915859", "0.0"], ["0.2428870097973151913154988", "0.0001225056668178708206252707", "0.7290285463923991074918677", "0.02796193814346780549394216", "0.0"], ["0.2428181022113600321345165", "0.0001273731045769941157494509", "0.7288364259478109533537945", "0.02821809873625193842580952", "0.0"], ["0.2427577253269861067162403", "0.0001326282966105392716461645", "0.7286710608707898130510631", "0.02843858550561334935999932", "0.0"], ["0.2427050640012101220906488", "0.000138291973923340652348775", "0.7285300679254002724582223", "0.02862657609946619973991222", "0.0"], ["0.2426592941238103192830496", "0.0001443851877618398407506887", "0.728411037934716314562514", "0.02878528275371142190160372", "0.0"], ["0.242619608388262066374477", "0.0001509296996388952905953066", "0.7283116142637027621508012", "0.02891784764839635758800004", "0.0"], ["0.242585235793229944115384", "0.0001579483672917477124417269", "0.7282295524815649943678557", "0.02902726335791331988300961", "0.0"], ["0.2425554551844504860335699", "0.0001654655143523909251452936", "0.728162762096408672382616", "0.02911631720478853954350374", "0.0"], ["0.2425296035454950003030522", "0.0001735072774655696221883924", "0.7281093324688815930776475", "0.02918755670815773971241323", "0.0"], ["0.2425070799484969096475327", "0.0001821019294363010944953075", "0.7280675456337997086388722", "0.02924327248826710636172214", "0.0"], ["0.2424873461245180969069318", "0.0001912801805078985695672981", "0.7280358789150778251540712", "0.02928549477989605699958219", "0.0"], ["0.2424699245568099256150271", "0.000201075462126702032294111", "0.7280130000568098013892724", "0.02931599992425349751426651", "0.0"], ["0.2424543948834989300829275", "0.0002115241987595086251611576", "0.7279977572467752020541997", "0.02933632367096634298452943", "0.0"], ["0.2424403892541399571837731", "0.0002226660737656501410459476", "0.7279891659837166704832506", "0.02934777868837765748376647", "0.0"], ["0.2424275871411250610862436", "0.0002345442952467588305103162", "0.7279863943091154533206158", "0.02935147425451269739545377", "0.0"], ["0.242415709976405648303195", "0.0002472058674169210623069405", "0.7279887475314675917870484", "0.02934833662470973947529874", "0.0"], ["0.2424045158732828019666011", "0.0002607018725116935301594823", "0.7279956532373833345794728", "0.02933912901682210222460022", "0.0"], ["0.2423937946040285345196369", "0.0002750877676917313593196962", "0.7