{"eq_pressures": [["0.249863341672", "0.749590025017", "0.00054663331074"], ["0.249860655548", "0.749581966645", "0.000557377806122"], ["0.249857897091", "0.749573691274", "0.00056841163469"], ["0.249855063892", "0.749565191677", "0.000579744430727"], ["0.249852153448", "0.749556460345", "0.000591386207015"], ["0.249849163157", "0.749547489471", "0.000603347371876"], ["0.249846090313", "0.74953827094", "0.000615638747085"], ["0.249842932103", "0.74952879631", "0.000628271586686"], ["0.249839685601", "0.749519056802", "0.000641257596779"], ["0.249836347761", "0.749509043283", "0.000654608956318"], ["0.249832915415", "0.749498746246", "0.000668338338985"], ["0.249829385266", "0.749488155798", "0.000682458936203"], ["0.24982575388", "0.749477261639", "0.000696984481345"], ["0.249822017681", "0.749466053044", "0.000711929275223"], ["0.249818172947", "0.74945451884", "0.000727308212911"], ["0.249814215797", "0.749442647391", "0.000743136812001"], ["0.249810142189", "0.749430426568", "0.000759431242361"], ["0.249805947911", "0.749417843732", "0.000776208357487"], ["0.249801628568", "0.749404885704", "0.000793485727552"], ["0.249797179581", "0.749391538744", "0.000811281674238"], ["0.249792596173", "0.749377788519", "0.000829615307473"], ["0.249787873359", "0.749363620077", "0.000848506564176"], ["0.249783005938", "0.749349017813", "0.000867976249141"], ["0.24977798848", "0.749333965441", "0.000888046078177"], ["0.249772815319", "0.749318445957", "0.000908738723663"], ["0.249767480534", "0.749302441603", "0.000930077862642"], ["0.249761977943", "0.749285933829", "0.000952088227626"], ["0.249756301085", "0.749268903255", "0.000974795660285"], ["0.249750443208", "0.749251329624", "0.000998227168179"], ["0.249744397254", "0.749233191761", "0.00102241098475"], ["0.249738155842", "0.749214467525", "0.00104737663275"], ["0.249731711252", "0.749195133756", "0.00107315499137"], ["0.249725055408", "0.749175166225", "0.00109977836724"], ["0.249718179858", "0.749154539573", "0.00112728056961"], ["0.249711075753", "0.749133227258", "0.00115569698994"], ["0.249703733828", "0.749111201485", "0.00118506468624"], ["0.249696144382", "0.749088433146", "0.00121542247233"], ["0.249688297247", "0.749064891741", "0.00124681101259"], ["0.249680181769", "0.749040545308", "0.0012792729223"], ["0.249671786781", "0.749015360344", "0.00131285287407"], ["0.249663100572", "0.748989301717", "0.0013475977108"], ["0.249654110859", "0.748962332576", "0.00138355656553"], ["0.249644804753", "0.748934414259", "0.00142078098865"], ["0.249635168729", "0.748905506188", "0.001459325083"], ["0.249625188588", "0.748875565764", "0.00149924564744"], ["0.249614849418", "0.748844548253", "0.00154060232929"], ["0.249604135553", "0.74881240666", "0.00158345778653"], ["0.249593030535", "0.748779091605", "0.00162787786013"], ["0.249581517061", "0.748744551182", "0.00167393175751"], ["0.249569576938", "0.748708730814", "0.0017216922476"], ["0.249557191033", "0.748671573099", "0.00177123586862"], ["0.249544339213", "0.748633017638", "0.00182264314928"], ["0.249531000289", "0.748593000867", "0.00187599884435"], ["0.249517151954", "0.748551455861", "0.00193139218577"], ["0.249502770712", "0.748508312137", "0.0019889171503"], ["0.249487831814", "0.748463495441", "0.00204867274489"], ["0.249472309172", "0.748416927517", "0.00211076331115"], ["0.249456175287", "0.748368525862", "0.00217529885023"], ["0.249439401158", "0.748318203473", "0.00224239536963"], ["0.249421956187", "0.74826586856", "0.0023121752536"], ["0.249403808085", "0.748211424256", "0.00238476765874"], ["0.249384922766", "0.748154768297", "0.00246030893689"], ["0.249365264228", "0.748095792685", "0.00253894308712"], ["0.24934479444", "0.748034383321", "0.00262082223921"], ["0.249323473207", "0.747970419622", "0.00270610717084"], ["0.249301258035", "0.747903774104", "0.00279496786112"], ["0.249278103979", "0.747834311938", "0.00288758408328"], ["0.24925396349", "0.74776189047", "0.00298414603939"], ["0.24922878624", "0.74768635872", "0.00308485504048"], ["0.249202518941", "0.747607556823", "0.00318992423548"], ["0.249175105152", "0.747525315455", "0.00329957939285"], ["0.249146485065", "0.747439455196", "0.00341405973889"], ["0.249116595286", "0.747349785857", "0.00353361885734"], ["0.249085368586", "0.747256105759", "0.00365852565495"], ["0.24905273365", "0.747158200951", "0.00378906539831"], ["0.249018614793", "0.747055844379", "0.0039255408276"], ["0.248982931662", "0.746948794985", "0.00406827335329"], ["0.248945598914", "0.746836796743", "0.00421760434261"], ["0.248906525874", "0.746719577623", "0.00437389650277"], ["0.248865616158", "0.746596848473", "0.0045375353689"], ["0.248822767274", "0.746468301821", "0.00470893090508"], ["0.248777870193", "0.746333610579", "0.00488851922763"], ["0.248730808885", "0.746192426655", "0.00507676446063"], ["0.248681459816", "0.746044379449", "0.00527416073434"], ["0.248629691415", "0.745889074246", "0.00548123433835"], ["0.24857536349", "0.745726090469", "0.00569854604193"], ["0.248518326601", "0.745554979803", "0.00592669359534"], ["0.248458421393", "0.74537526418", "0.00616631442705"], ["0.248395477862", "0.745186433585", "0.00641808855269"], ["0.248329314572", "0.744987943715", "0.00668274171338"], ["0.248259737809", "0.744779213428", "0.00696104876202"], ["0.24818654067", "0.744559622011", "0.00725383731809"], ["0.248109502072", "0.744328506215", "0.0075619917128"], ["0.248028385688", "0.744085157064", "0.00788645724831"], ["0.247942938801", "0.743828816402", "0.00822824479678"], ["0.247852891058", "0.743558673175", "0.00858843576667"], ["0.247757953133", "0.7432738594", "0.0089681874661"], ["0.247657815276", "0.742973445829", "0.00936873889517"], ["0.24755214575", "0.742656437249", "0.00979141700151"], ["0.247440589141", "0.742321767423", "0.0102376434358"], ["0.247322764538", "0.741968293615", "0.0107089418467"], ["0.247198263561", "0.741594790683", "0.0112069457564"], ["0.247066648234", "0.741199944703", "0.0117334070624"], ["0.246927448697", "0.740782346091", "0.0122902052121"], ["0.246780160725", "0.740340482175", "0.0128793570999"], ["0.246624243065", "0.739872729195", "0.0135030277399"], ["0.246459114558", "0.739377343673", "0.014163541769"], ["0.246284151041", "0.738852453122", "0.0148633958372"], ["0.246098682014", "0.738296046042", "0.0156052719441"], ["0.245901987054", "0.737705961163", "0.0163920517832"], ["0.245693291962", "0.737079875885", "0.0172268321534"], ["0.245471764625", "0.736415293875", "0.0181129414995"], ["0.245236510589", "0.735709531768", "0.0190539576427"], ["0.244986568311", "0.734959704932", "0.0200537267569"], ["0.244720904089", "0.734162712267", "0.0211163836443"], ["0.24443840666", "0.733315219981", "0.0222463733589"], ["0.244137881447", "0.73241364434", "0.0234484742133"], ["0.243818044451", "0.731454133352", "0.0247278221973"], ["0.243477515796", "0.730432547387", "0.026089936817"], ["0.243114812914", "0.729344438741", "0.0275407483456"], ["0.242728343387", "0.728185030162", "0.0290866264501"], ["0.242316397468", "0.726949192404", "0.0307344101275"], ["0.241877140289", "0.725631420866", "0.0324914388448"], ["0.241408603818", "0.724225811453", "0.034365584729"], ["0.2409086786", "0.7227260358", "0.0363652855999"], ["0.240375105358", "0.721125316075", "0.0384995785665"], ["0.239805466542", "0.719416399625", "0.0407781338338"], ["0.239197177933", "0.717591533798", "0.0432112882699"], ["0.238547480455", "0.715642441364", "0.0458100781808"], ["0.237853432346", "0.713560297038", "0.048586270616"], ["0.237111901902", "0.711335705705", "0.0515523923939"], ["0.236319561029", "0.708958683087", "0.0547217558834"], ["0.235472879898", "0.706418639693", "0.0581084804096"], ["0.234568123006", "0.703704369017", "0.0617275079779"], ["0.233601347046", "0.700804041138", "0.0655946118166"], ["0.232568400987", "0.697705202962", "0.0697263960502"], ["0.231464928845", "0.694394786535", "0.0741402846205"], ["0.230286375652", "0.690859126955", "0.0788544973931"], ["0.229027997193", "0.687083991579", "0.0838880112278"], ["0.227684874084", "0.683054622252", "0.0892605036635"], ["0.226251930801", "0.678755792402", "0.0949922767974"], ["0.224723960267", "0.674171880801", "0.101104158932"], ["0.223095654588", "0.669286963764", "0.107617381648"], ["0.221361642461", "0.664084927384", "0.114553430154"], ["0.219516533724", "0.658549601172", "0.121933865104"], ["0.217554971368", "0.652664914104", "0.129780114528"], ["0.215471691201", "0.646415073604", "0.138113235194"], ["0.213261589122", "0.639784767366", "0.146953643513"], ["0.210919795726", "0.632759387178", "0.156320817096"], ["0.208441757689", "0.625325273067", "0.166232969244"], ["0.205823325027", "0.617469975082", "0.176706699891"], ["0.203060843015", "0.609182529044", "0.187756627941"], ["0.200151247169", "0.600453741506", "0.199395011325"], ["0.197092159385", "0.591276478156", "0.211631362459"], ["0.193881982983", "0.581645948949", "0.224472068068"], ["0.190519994172", "0.571559982515", "0.237920023314"], ["0.187006427265", "0.561019281795", "0.25197429094"], ["0.18334255089", "0.550027652671", "0.266629796439"], ["0.179530732461", "0.538592197382", "0.281877070157"], ["0.175574488344", "0.526723465031", "0.297702046625"], ["0.171478517431", "0.514435552292", "0.314085930278"], ["0.16724871621", "0.501746148629", "0.331005135162"], ["0.162892173962", "0.488676521885", "0.348431304154"], ["0.158417147268", "0.475251441805", "0.366331410927"], ["0.153833013676", "0.461499041029", "0.384667945295"], ["0.149150205014", "0.447450615043", "0.403399179943"], ["0.144380121501", "0.433140364503", "0.422479513996"], ["0.139535028387", "0.418605085162", "0.44185988645"], ["0.134627937384", "0.403883812151", "0.461488250465"], ["0.129672475544", "0.389017426632", "0.481310097824"], ["0.12468274458", "0.374048233741", "0.501269021678"], ["0.119673173757", "0.359019521272", "0.521307304971"], ["0.11465836956", "0.343975108681", "0.541366521759"], ["0.109652965284", "0.328958895853", "0.561388138862"], ["0.104671473509", "0.314014420526", "0.581314105966"], ["0.0997281441757", "0.299184432527", "0.601087423297"], ["0.094836830685", "0.284510492055", "0.62065267726"], ["0.090010866032", "0.270032598096", "0.639956535872"], ["0.0852629506485", "0.255788851946", "0.658948197406"], ["0.0806050531959", "0.241815159588", "0.677579787216"], ["0.0760483251765", "0.22814497553", "0.695806699294"], ["0.0716030298581", "0.214809089574", "0.713587880567"], ["0.0672784856668", "0.201835457", "0.730886057333"], ["0.0630830239015", "0.189249071704", "0.747667904394"], ["0.0590239603598", "0.17707188108", "0.763904158561"], ["0.055107580245", "0.165322740735", "0.77956967902"], ["0.0513391355441", "0.154017406632", "0.794643457824"], ["0.0477228539321", "0.143168561796", "0.809108584272"], ["0.0442619581527", "0.132785874458", "0.822952167389"], ["0.040958694764", "0.122876084292", "0.836165220944"], ["0.0378143710992", "0.113443113298", "0.848742515603"], ["0.0348293992857", "0.104488197857", "0.860682402857"], ["0.0320033461772", "0.0960100385315", "0.871986615291"], ["0.0293349880879", "0.0880049642636", "0.882660047649"], ["0.0268223692642", "0.0804671077925", "0.892710522943"], ["0.0244628630881", "0.0733885892644", "0.902148547648"], ["0.0222532350756", "0.0667597052268", "0.910987059698"], ["0.0201897068063", "0.0605691204188", "0.919241172775"], ["0.0182680200003", "0.0548040600008", "0.926927919999"], ["0.0164835000365", "0.0494505001094", "0.934065999854"]], "EA": 0.0, "reverse_rates": [["9.39915243381e-09", "0.0436353574872", "0.0", "9.39915243381e-09", "0.0", "0.0"], ["8.93263925943e-09", "0.0416700193287", "0.0", "8.93263925943e-09", "0.0", "0.0"], ["8.49211572793e-09", "0.0397942314146", "0.0", "8.49211572793e-09", "0.0", "0.0"], ["8.07610870352e-09", "0.03800403362", "0.0", "8.07610870352e-09", "0.0", "0.0"], ["7.68320512772e-09", "0.0362955745635", "0.0", "7.68320512772e-09", "0.0", "0.0"], ["7.31204963922e-09", "0.034665109758", "0.0", "7.31204963922e-09", "0.0", "0.0"], ["6.96134230034e-09", "0.0331090000056", "0.0", "6.96134230034e-09", "0.0", "0.0"], ["6.62983643815e-09", "0.0316237100487", "0.0", "6.62983643815e-09", "0.0", "0.0"], ["6.31633660927e-09", "0.0302058074906", "0.0", "6.31633660927e-09", "0.0", "0.0"], ["6.01969669863e-09", "0.0288519619946", "0.0", "6.01969669863e-09", "0.0", "0.0"], ["5.73881816417e-09", "0.027558944769", "0.0", "5.73881816417e-09", "0.0", "0.0"], ["5.47264844036e-09", "0.0263236283436", "0.0", "5.47264844036e-09", "0.0", "0.0"], ["5.22017951509e-09", "0.0251429866386", "0.0", "5.22017951509e-09", "0.0", "0.0"], ["4.98044669592e-09", "0.0240140953273", "0.0", "4.98044669592e-09", "0.0", "0.0"], ["4.75252758264e-09", "0.0229341324883", "0.0", "4.75252758264e-09", "0.0", "0.0"], ["4.53554126451e-09", "0.0219003795439", "0.0", "4.53554126451e-09", "0.0", "0.0"], ["4.32864776101e-09", "0.0209102224774", "0.0", "4.32864776101e-09", "0.0", "0.0"], ["4.13104772527e-09", "0.0199611533207", "0.0", "4.13104772527e-09", "0.0", "0.0"], ["3.94198242874e-09", "0.0190507719037", "0.0", "3.94198242874e-09", "0.0", "0.0"], ["3.76073404442e-09", "0.0181767878548", "0.0", "3.76073404442e-09", "0.0", "0.0"], ["3.58662624251e-09", "0.0173370228398", "0.0", "3.58662624251e-09", "0.0", "0.0"], ["3.41902510831e-09", "0.0165294130252", "0.0", "3.41902510831e-09", "0.0", "0.0"], ["3.25734038461e-09", "0.0157520117492", "0.0", "3.25734038461e-09", "0.0", "0.0"], ["3.10102703135e-09", "0.0150029923758", "0.0", "3.10102703135e-09", "0.0", "0.0"], ["2.94958708184e-09", "0.0142806513022", "0.0", "2.94958708184e-09", "0.0", "0.0"], ["2.80257175752e-09", "0.0135834110745", "0.0", "2.80257175752e-09", "0.0", "0.0"], ["2.65958378137e-09", "0.0129098235516", "0.0", "2.65958378137e-09", "0.0", "0.0"], ["2.5202798033e-09", "0.012258573031", "0.0", "2.5202798033e-09", "0.0", "0.0"], ["2.38437281961e-09", "0.0116284792217", "0.0", "2.38437281961e-09", "0.0", "0.0"], ["2.25163443253e-09", "0.0110184999071", "0.0", "2.25163443253e-09", "0.0", "0.0"], ["2.12189675827e-09", "0.0104277330987", "0.0", "2.12189675827e-09", "0.0", "0.0"], ["1.99505375321e-09", "0.00985541842182", "0.0", "1.99505375321e-09", "0.0", "0.0"], ["1.87106169386e-09", "0.00930093742475", "0.0", "1.87106169386e-09", "0.0", "0.0"], ["1.74993852153e-09", "0.00876381243932", "0.0", "1.74993852153e-09", "0.0", "0.0"], ["1.63176175427e-09", "0.00824370357994", "0.0", "1.63176175427e-09", "0.0", "0.0"], ["1.51666468539e-09", "0.00774040343606", "0.0", "1.51666468539e-09", "0.0", "0.0"], ["1.40483063747e-09", "0.00725382901898", "0.0", "1.40483063747e-09", "0.0", "0.0"], ["1.29648513019e-09", "0.00678401057339", "0.0", "1.29648513019e-09", "0.0", "0.0"], ["1.1918859534e-09", "0.00633107697509", "0.0", "1.1918859534e-09", "0.0", "0.0"], ["1.09131130999e-09", "0.00589523761565", "0.0", "1.09131130999e-09", "0.0", "0.0"], ["9.95046395707e-10", "0.00547676092603", "0.0", "9.95046395707e-10", "0.0", "0.0"], ["9.03368994256e-10", "0.00507595000106", "0.0", "9.03368994256e-10", "0.0", "0.0"], ["8.16534855573e-10", "0.00469311612865", "0.0", "8.16534855573e-10", "0.0", "0.0"], ["7.34763759436e-10", "0.00432855135967", "0.0", "7.34763759436e-10", "0.0", "0.0"], ["6.58227211879e-10", "0.00398250152099", "0.0", "6.58227211879e-10", "0.0", "0.0"], ["5.87038656076e-10", "0.00365514122141", "0.0", "5.87038656076e-10", "0.0", "0.0"], ["5.21246897562e-10", "0.00334655238302", "0.0", "5.21246897562e-10", "0.0", "0.0"], ["4.60833163636e-10", "0.00305670763018", "0.0", "4.60833163636e-10", "0.0", "0.0"], ["4.05711877613e-10", "0.00278545949868", "0.0", "4.05711877613e-10", "0.0", "0.0"], ["3.55734882453e-10", "0.0025325359365", "0.0", "3.55734882453e-10", "0.0", "0.0"], ["3.10698549261e-10", "0.002297542027", "0.0", "3.10698549261e-10", "0.0", "0.0"], ["2.70352996991e-10", "0.00207996735765", "0.0", "2.70352996991e-10", "0.0", "0.0"], ["2.34412553126e-10", "0.00187919805087", "0.0", "2.34412553126e-10", "0.0", "0.0"], ["2.02566600704e-10", "0.00169453221735", "0.0", "2.02566600704e-10", "0.0", "0.0"], ["1.74490064619e-10", "0.0015251974984", "0.0", "1.74490064619e-10", "0.0", "0.0"], ["1.49852957603e-10", "0.00137036941974", "0.0", "1.49852957603e-10", "0.0", "0.0"], ["1.28328598532e-10", "0.00122918944765", "0.0", "1.28328598532e-10", "0.0", "0.0"], ["1.09600302334e-10", "0.00110078187594", "0.0", "1.09600302334e-10", "0.0", "0.0"], ["9.33665003251e-11", "0.000984268933157", "0.0", "9.33665003251e-11", "0.0", "0.0"], ["7.93443710623e-11", "0.000878783750598", "0.0", "7.93443710623e-11", "0.0", "0.0"], ["6.72721422599e-11", "0.000783481047115", "0.0", "6.72721422599e-11", "0.0", "0.0"], ["5.69102679958e-11", "0.000697545556148", "0.0", "5.69102679958e-11", "0.0", "0.0"], ["4.80416994423e-11", "0.00062019834053", "0.0", "4.80416994423e-11", "0.0", "0.0"], ["4.04714601895e-11", "0.000550701215977", "0.0", "4.04714601895e-11", "0.0", "0.0"], ["3.40257166651e-11", "0.000488359542278", "0.0", "3.40257166651e-11", "0.0", "0.0"], ["2.8550506666e-11", "0.000432523651182", "0.0", "2.8550506666e-11", "0.0", "0.0"], ["2.39102593776e-11", "0.000382589170272", "0.0", "2.39102593776e-11", "0.0", "0.0"], ["1.99862116474e-11", "0.000337996480169", "0.0", "1.99862116474e-11", "0.0", "0.0"], ["1.66747995684e-11", "0.00029822951393", "0.0", "1.66747995684e-11", "0.0", "0.0"], ["1.3886082487e-11", "0.000262814076771", "0.0", "1.3886082487e-11", "0.0", "0.0"], ["1.15422385918e-11", "0.000231315833951", "0.0", "1.15422385918e-11", "0.0", "0.0"], ["9.57615704804e-12", "0.000203338086681", "0.0", "9.57615704804e-12", "0.0", "0.0"], ["7.93014078844e-12", "0.000178519431025", "0.0", "7.93014078844e-12", "0.0", "0.0"], ["6.55472603775e-12", "0.000156531373417", "0.0", "6.55472603775e-12", "0.0", "0.0"], ["5.40761890275e-12", "0.000137075958507", "0.0", "5.40761890275e-12", "0.0", "0.0"], ["4.45274542416e-12", "0.00011988345036", "0.0", "4.45274542416e-12", "0.0", "0.0"], ["3.65940893588e-12", "0.000104710096214", "0.0", "3.65940893588e-12", "0.0", "0.0"], ["3.00154706456e-12", "9.13359926418e-05", "0.0", "3.00154706456e-12", "0.0", "0.0"], ["2.45707994397e-12", "7.95630666951e-05", "0.0", "2.45707994397e-12", "0.0", "0.0"], ["2.00734099538e-12", "6.92131789759e-05", "0.0", "2.00734099538e-12", "0.0", "0.0"], ["1.63658176662e-12", "6.01263514209e-05", "0.0", "1.63658176662e-12", "0.0", "0.0"], ["1.3315427025e-12", "5.21591194431e-05", "0.0", "1.3315427025e-12", "0.0", "0.0"], ["1.08108224391e-12", "4.51830058424e-05", "0.0", "1.08108224391e-12", "0.0", "0.0"], ["8.75857256101e-13", "3.9083112324e-05", "0.0", "8.75857256101e-13", "0.0", "0.0"], ["7.08048419773e-13", "3.37568234127e-05", "0.0", "7.08048419773e-13", "0.0", "0.0"], ["5.71124851587e-13", "2.91126168897e-05", "0.0", "5.71124851587e-13", "0.0", "0.0"], ["4.5964283037e-13", "2.5068974517e-05", "0.0", "4.5964283037e-13", "0.0", "0.0"], ["3.69074080471e-13", "2.15533866678e-05", "0.0", "3.69074080471e-13", "0.0", "0.0"], ["2.95659595944e-13", "1.85014444977e-05", "0.0", "2.95659595944e-13", "0.0", "0.0"], ["2.36285475742e-13", "1.58560134152e-05", "0.0", "2.36285475742e-13", "0.0", "0.0"], ["1.88377680137e-13", "1.35664818164e-05", "0.0", "1.88377680137e-13", "0.0", "0.0"], ["1.49813013342e-13", "1.15880793078e-05", "0.0", "1.49813013342e-13", "0.0", "0.0"], ["1.18843989103e-13", "9.88125892616e-06", "0.0", "1.18843989103e-13", "0.0", "0.0"], ["9.40355478484e-14", "8.41113817608e-06", "0.0", "9.40355478484e-14", "0.0", "0.0"], ["7.42118689429e-14", "7.14699401656e-06", "0.0", "7.42118689429e-14", "0.0", "0.0"], ["5.84117632929e-14", "6.06180724436e-06", "0.0", "5.84117632929e-14", "0.0", "0.0"], ["4.58513430197e-14", "5.13185202863e-06", "0.0", "4.58513430197e-14", "0.0", "0.0"], ["3.58928495521e-14", "4.33632665061e-06", "0.0", "3.58928495521e-14", "0.0", "0.0"], ["2.80186821098e-14", "3.65702178907e-06", "0.0", "2.80186821098e-14", "0.0", "0.0"], ["2.18098079514e-14", "3.07802296535e-06", "0.0", "2.18098079514e-14", "0.0", "0.0"], ["1.69278564379e-14", "2.58544402151e-06", "0.0", "1.69278564379e-14", "0.0", "0.0"], ["1.31003031635e-14", "2.16718874935e-06", "0.0", "1.31003031635e-14", "0.0", "0.0"], ["1.01082401862e-14", "1.81273801846e-06", "0.0", "1.01082401862e-14", "0.0", "0.0"], ["7.77630555124e-15", "1.51295996685e-06", "0.0", "7.77630555124e-15", "0.0", "0.0"], ["5.96441147614e-15", "1.25994101937e-06", "0.0", "5.96441147614e-15", "0.0", "0.0"], ["4.56096718227e-15", "1.04683568745e-06", "0.0", "4.56096718227e-15", "0.0", "0.0"], ["3.47734069017e-15", "8.67733278394e-07", "0.0", "3.47734069017e-15", "0.0", "0.0"], ["2.6433450574e-15", "7.17539805686e-07", "0.0", "2.6433450574e-15", "0.0", "0.0"], ["2.00356951142e-15", "5.91873542348e-07", "0.0", "2.00356951142e-15", "0.0", "0.0"], ["1.51440557578e-15", "4.86972799449e-07", "0.0", "1.51440557578e-15", "0.0", "0.0"], ["1.14164335564e-15", "3.99614641124e-07", "0.0", "1.14164335564e-15", "0.0", "0.0"], ["8.58534293718e-16", "3.2704336682e-07", "0.0", "8.58534293718e-16", "0.0", "0.0"], ["6.44234498774e-16", "2.66907701566e-07", "0.0", "6.44234498774e-16", "0.0", "0.0"], ["4.82557679593e-16", "2.17205736328e-07", "0.0", "4.82557679593e-16", "0.0", "0.0"], ["3.60979214636e-16", "1.76236753578e-07", "0.0", "3.60979214636e-16", "0.0", "0.0"], ["2.69843320221e-16", "1.42559158559e-07", "0.0", "2.69843320221e-16", "0.0", "0.0"], ["2.01733965142e-16", "1.1495381492e-07", "0.0", "2.01733965142e-16", "0.0", "0.0"], ["1.50977389692e-16", "9.2392154852e-08", "0.0", "1.50977389692e-16", "0.0", "0.0"], ["1.13250055531e-16", "7.40084990939e-08", "0.0", "1.13250055531e-16", "0.0", "0.0"], ["8.52707789683e-17", "5.90760815925e-08", "0.0", "8.52707789683e-17", "0.0", "0.0"], ["6.45598539727e-17", "4.69863276355e-08", "0.0", "6.45598539727e-17", "0.0", "0.0"], ["4.92512968532e-17", "3.72309833232e-08", "0.0", "4.92512968532e-17", "0.0", "0.0"], ["3.79470642521e-17", "2.93867386717e-08", "0.0", "3.79470642521e-17", "0.0", "0.0"], ["2.96043132088e-17", "2.31020268086e-08", "0.0", "2.96043132088e-17", "0.0", "0.0"], ["2.3448573491e-17", "1.8085717975e-08", "0.0", "2.3448573491e-17", "0.0", "0.0"], ["1.89071612056e-17", "1.40974596837e-08", "0.0", "1.89071612056e-17", "0.0", "0.0"], ["1.55583399825e-17", "1.09394437198e-08", "0.0", "1.55583399825e-17", "0.0", "0.0"], ["1.3092682789e-17", "8.44940697678e-09", "0.0", "1.3092682789e-17", "0.0", "0.0"], ["1.1283846043e-17", "6.49469665477e-09", "0.0", "1.1283846043e-17", "0.0", "0.0"], ["9.96657330075e-18", "4.96725137097e-09", "0.0", "9.96657330075e-18", "0.0", "0.0"], ["9.02022737413e-18", "3.77936845137e-09", "0.0", "9.02022737413e-18", "0.0", "0.0"], ["8.35653114996e-18", "2.86014431698e-09", "0.0", "8.35653114996e-18", "0.0", "0.0"], ["7.91049815901e-18", "2.15248963398e-09", "0.0", "7.91049815901e-18", "0.0", "0.0"], ["7.63377002948e-18", "1.61063395038e-09", "0.0", "7.63377002948e-18", "0.0", "0.0"], ["7.48976231594e-18", "1.19804605843e-09", "0.0", "7.48976231594e-18", "0.0", "0.0"], ["7.45016332902e-18", "8.85706456386e-10", "0.0", "7.45016332902e-18", "0.0", "0.0"], ["7.49244099659e-18", "6.50677175553e-10", "0.0", "7.49244099659e-18", "0.0", "0.0"], ["7.59809732689e-18", "4.7492201886e-10", "0.0", "7.59809732689e-18", "0.0", "0.0"], ["7.75147425871e-18", "3.44337043128e-10", "0.0", "7.75147425871e-18", "0.0", "0.0"], ["7.93896305956e-18", "2.47957016864e-10", "0.0", "7.93896305956e-18", "0.0", "0.0"], ["8.14850560291e-18", "1.7730869796e-10", "0.0", "8.14850560291e-18", "0.0", "0.0"], ["8.36930276765e-18", "1.25886191429e-10", "0.0", "8.36930276765e-18", "0.0", "0.0"], ["8.59166523353e-18", "8.87274492078e-11", "0.0", "8.59166523353e-18", "0.0", "0.0"], ["8.80695699201e-18", "6.20742378476e-11", "0.0", "8.80695699201e-18", "0.0", "0.0"], ["9.0075934265e-18", "4.31006944554e-11", "0.0", "9.0075934265e-18", "0.0", "0.0"], ["9.18706494305e-18", "2.96979788825e-11", "0.0", "9.18706494305e-18", "0.0", "0.0"], ["9.3399646237e-18", "2.03045666912e-11", "0.0", "9.3399646237e-18", "0.0", "0.0"], ["9.46200472262e-18", "1.37734622536e-11", "0.0", "9.46200472262e-18", "0.0", "0.0"], ["9.55001229595e-18", "9.26908757623e-12", "0.0", "9.55001229595e-18", "0.0", "0.0"], ["9.60189894918e-18", "6.1878572304e-12", "0.0", "9.60189894918e-18", "0.0", "0.0"], ["9.61660360382e-18", "4.09751468294e-12", "0.0", "9.61660360382e-18", "0.0", "0.0"], ["9.59401028589e-18", "2.69120697549e-12", "0.0", "9.59401028589e-18", "0.0", "0.0"], ["9.53484519008e-18", "1.75303548904e-12", "0.0", "9.53484519008e-18", "0.0", "0.0"], ["9.44055868052e-18", "1.13245933754e-12", "0.0", "9.44055868052e-18", "0.0", "0.0"], ["9.31319851099e-18", "7.25460913962e-13", "0.0", "9.31319851099e-18", "0.0", "0.0"], ["9.15528049351e-18", "4.60824290332e-13", "0.0", "9.15528049351e-18", "0.0", "0.0"], ["8.9696622633e-18", "2.90238969285e-13", "0.0", "8.9696622633e-18", "0.0", "0.0"], ["8.75942484505e-18", "1.81235053475e-13", "0.0", "8.75942484505e-18", "0.0", "0.0"], ["8.52776558594e-18", "1.12191350106e-13", "0.0", "8.52776558594e-18", "0.0", "0.0"], ["8.27790482874e-18", "6.88444295283e-14", "0.0", "8.27790482874e-18", "0.0", "0.0"], ["8.01300757052e-18", "4.18724709561e-14", "0.0", "8.01300757052e-18", "0.0", "0.0"], ["7.73612036807e-18", "2.52402102234e-14", "0.0", "7.73612036807e-18", "0.0", "0.0"], ["7.45012295747e-18", "1.50768974935e-14", "0.0", "7.45012295747e-18", "0.0", "0.0"], ["7.15769346772e-18", "8.92341693673e-15", "0.0", "7.15769346772e-18", "0.0", "0.0"], ["6.86128571979e-18", "5.23228494571e-15", "0.0", "6.86128571979e-18", "0.0", "0.0"], ["6.56311689228e-18", "3.0389841772e-15", "0.0", "6.56311689228e-18", "0.0", "0.0"], ["6.26516376907e-18", "1.74812726726e-15", "0.0", "6.26516376907e-18", "0.0", "0.0"], ["5.96916583116e-18", "9.95750678821e-16", "0.0", "5.96916583116e-18", "0.0", "0.0"], ["5.67663357981e-18", "5.6154049126e-16", "0.0", "5.67663357981e-18", "0.0", "0.0"], ["5.38886065203e-18", "3.13457598853e-16", "0.0", "5.38886065203e-18", "0.0", "0.0"], ["5.10693848809e-18", "1.73161930101e-16", "0.0", "5.10693848809e-18", "0.0", "0.0"], ["4.83177251583e-18", "9.46465294271e-17", "0.0", "4.83177251583e-18", "0.0", "0.0"], ["4.56409901374e-18", "5.11719994501e-17", "0.0", "4.56409901374e-18", "0.0", "0.0"], ["4.30450199623e-18", "2.73606286594e-17", "0.0", "4.30450199623e-18", "0.0", "0.0"], ["4.05342962436e-18", "1.44633849066e-17", "0.0", "4.05342962436e-18", "0.0", "0.0"], ["3.81120978182e-18", "7.55686354871e-18", "0.0", "3.81120978182e-18", "0.0", "0.0"], ["3.57806456845e-18", "3.90132071411e-18", "0.0", "3.57806456845e-18", "0.0", "0.0"], ["3.35412355435e-18", "1.98949832476e-18", "0.0", "3.35412355435e-18", "0.0", "0.0"], ["3.13943570695e-18", "1.00182777812e-18", "0.0", "3.13943570695e-18", "0.0", "0.0"], ["2.93397995619e-18", "4.97975065884e-19", "0.0", "2.93397995619e-18", "0.0", "0.0"], ["2.73767439983e-18", "2.44245005435e-19", "0.0", "2.73767439983e-18", "0.0", "0.0"], ["2.55038417594e-18", "1.18161517035e-19", "0.0", "2.55038417594e-18", "0.0", "0.0"], ["2.37192804609e-18", "5.63607098754e-20", "0.0", "2.37192804609e-18", "0.0", "0.0"], ["2.20208374272e-18", "2.64930666947e-20", "0.0", "2.20208374272e-18", "0.0", "0.0"], ["2.04059214347e-18", "1.22668893778e-20", "0.0", "2.04059214347e-18", "0.0", "0.0"], ["1.88716034861e-18", "5.59187416047e-21", "0.0", "1.88716034861e-18", "0.0", "0.0"], ["1.74146376343e-18", "2.50816047216e-21", "0.0", "1.74146376343e-18", "0.0", "0.0"], ["1.60314733927e-18", "1.1062624713e-21", "0.0", "1.60314733927e-18", "0.0", "0.0"], ["1.47182622463e-18", "4.79474909498e-22", "0.0", "1.47182622463e-18", "0.0", "0.0"], ["1.34708625193e-18", "2.04051950312e-22", "0.0", "1.34708625193e-18", "0.0", "0.0"], ["1.22848498379e-18", "8.51917288136e-23", "0.0", "1.22848498379e-18", "0.0", "0.0"], ["1.11555452459e-18", "3.48569724354e-23", "0.0", "1.11555452459e-18", "0.0", "0.0"], ["1.00780804443e-18", "1.39602399326e-23", "0.0", "1.00780804443e-18", "0.0", "0.0"], ["9.0475301088e-19", "5.46489552189e-24", "0.0", "9.0475301088e-19", "0.0", "0.0"], ["8.05915427795e-19", "2.08738530269e-24", "0.0", "8.05915427795e-19", "0.0", "0.0"], ["7.10880591838e-19", "7.76315950849e-25", "0.0", "7.10880591838e-19", "0.0", "0.0"], ["6.19356027976e-19", "2.80396013637e-25", "0.0", "6.19356027976e-19", "0.0", "0.0"], ["5.31259354679e-19", "9.80493879568e-26", "0.0", "5.31259354679e-19", "0.0", "0.0"], ["4.46824749986e-19", "3.3069543478e-26", "0.0", "4.46824749986e-19", "0.0", "0.0"], ["3.6670361172e-19", "1.07104711631e-26", "0.0", "3.6670361172e-19", "0.0", "0.0"]], "pressures": [["0.2498376856819235471869034", "0.000004046918754717562033491751", "0.7495251978020347419829787", "0.0006330695972869320364840948", "0.0"], ["0.2498332809154782805592127", "0.000004003149987152258578817107", "0.7495118521963961945948423", "0.0006508637381383167839074105", "0.0"], ["0.2498286569890068579485059", "0.000003963756621840323246280463", "0.7494978622368860948627586", "0.0006695170174851832001344783", "0.0"], ["0.2498238010506364645546428", "0.00000392867693767956360604544", "0.7494831891827224324061054", "0.0006890810897034050270937893", "0.0"], ["0.2498186996033051254421572", "0.000003897848195634111691926703", "0.7494677923545023301421109", "0.0007096101939970158744720814", "0.0"], ["0.2498133385150323077016597", "0.000003871206283904353724492861", "0.7494516291639484824174868", "0.0007311611147352762012396401", "0.0"], ["0.2498077030392342579461151", "0.000003848685343356686092119676", "0.7494346551737329460323772", "0.0007537931016895097926836589", "0.0"], ["0.2498017778469727595238757", "0.000003830217376539428278146912", "0.7494168241930478968564615", "0.0007775677426027724510197055", "0.0"], ["0.2497955470732490962730554", "0.000003815731845014294522293388", "0.7493980884152823318017625", "0.0008025487796234755277827944", "0.0"], ["0.2497889943796915054459364", "0.000003805155261443720176499805", "0.7493783986048587970272001", "0.0008288018601882313534618168", "0.0"], ["0.249782103036223966851611", "0.000003798410784939844169039688", "0.7493577043410266194141539", "0.0008563942119644625295007635", "0.0"], ["0.2497748560245488201803445", "0.000003795417830650681990886317", "0.7493359543271383624307353", "0.0008853942304821682377593242", "0.0"], ["0.2497672361665101252455656", "0.000003796091707482622761984265", "0.7493130967746528237025887", "0.0009158709671295754909850918", "0.0"], ["0.2497592262806222860200206", "0.000003800343301283476987951435", "0.7492890798717706088091378", "0.0009478935043057160390216066", "0.0"], ["0.2497508093702306780507949", "0.000003808078824775859225377415", "0.7492638523471663122165127", "0.0009815302037781914856039524", "0.0"], ["0.249741968846896496747143", "0.000003819199660063496549212425", "0.7492373641396695818737975", "0.0010168478137737450604069", "0.0"], ["0.2497326887926385302708816", "0.000003833602324633824625000069", "0.7492095671848894430396119", "0.001053910420147384553988709", "0.0"], ["0.2497229542645819012049312", "0.000003851178597415324868614552", "0.7491804163295378513630662", "0.001092778227282798417226456", "0.0"], ["0.2497127516453116462041097", "0.000003871815847528579244482913", "0.7491498703834774754663907", "0.001133506155363321893338594", "0.0"], ["0.2497020690417460221297764", "0.000003895397614732896649432024", "0.749117893318082264984156", "0.001176142242556969824840078", "0.0"], ["0.2496908967345602121676476", "0.000003921804496950572051749373", "0.7490844556171714395088177", "0.00122072584377137727937081", "0.0"], ["0.2496792276790189572515347", "0.000003950915406249377788785137", "0.7490495357832755714541559", "0.001267285622299230960542296", "0.0"], ["0.2496670580564187265978684", "0.000003982609259712259872743913", "0.7490131219970352685091445", "0.001315837337286267761295947", "0.0"], ["0.2496543878730886833658191", "0.000004016767174946117533328554", "0.7489752139207908882860733", "0.001366381438945506035258423", "0.0"], ["0.2496412216009447332263007", "0.000004053275240561685587035814", "0.7489358246285557891439892", "0.001418900495258882129392995", "0.0"], ["0.2496275688498296874633753", "0.000004092027928510202167708303", "0.7488949826332744025374385", "0.001473356488967250355863671", "0.0"], ["0.2496134450572266663527202", "0.000004132932206139186817738049", "0.7488527339682983218071727", "0.001529688042268839314162794", "0.0"], ["0.2495988721753744650037072", "0.000004175912389448856767415131", "0.7488091442632916000504851", "0.001587807648944437748035201", "0.0"], ["0.2495838793293994678981435", "0.000004220915753383622567309297", "0.7487643007354585543788874", "0.001647599019388527424645142", "0.0"], ["0.2495685034129908362798435", "0.000004267918878233062574614735", "0.7487183139956071144675329", "0.001708914672523835294549551", "0.0"], ["0.249552789580745802149537", "0.000004316934661869689234370585", "0.7486713195462230156987771", "0.001771573938369353461421969", "0.0"], ["0.2495367915891999656851619", "0.000004368019864968584061676008", "0.7486234788271948031229103", "0.00183536156374028658194526", "0.0"], ["0.2495205719325991323037793", "0.000004421282981314285588310268", "0.7485749796467412472510197", "0.001900027137678241136321337", "0.0"], ["0.249504201715854458325438", "0.000004476892140726400998618565", "0.7485260358239854615720762", "0.001965285568019364021505133", "0.0"], ["0.2494877602072942490232473", "0.000004535082663834080016537006", "0.7484768858698742494894313", "0.002030818840167626879539041", "0.0"], ["0.2494713340194168419742835", "0.00000459616380517853899287601", "0.748427790549666061360895", "0.002096279267111837768921616", "0.0"], ["0.2494550158784381394322041", "0.000004660524156828443377485737", "0.7483790292077849491646718", "0.002161294389620108816436077", "0.0"], ["0.2494389029642240977053694", "0.000004728635154770086937618827", "0.7483308947981365125087039", "0.002225473602484665869177641", "0.0"], ["0.2494230948315688880817014", "0.000004801052151961473806533995", "0.7482836876511626396371316", "0.002288416465116683273234018", "0.0"], ["0.2494076909607650822384788", "0.000004878412610475386797734061", "0.7482377081201266284089235", "0.002349722506497706771888716", "0.0"], ["0.2493927880272810243090682", "0.000004961431129871172866268377", "0.748193248375232641425824", "0.002409002166356462718596544", "0.0"], ["0.2493784770224530754984999", "0.000005050891268221854339160177", "0.7481505837411638472037307", "0.00246588834511484968266492", "0.0"], ["0.2493648403931055889248372", "0.000005147634409632251034896859", "0.7481099640825455747534087", "0.002520047889939127630711664", "0.0"], ["0.2493519493908542323217576", "0.000005252546254897108792902265", "0.7480716058113274769640953", "0.002571192251563438056591917", "0.0"], ["0.2493398618251460704153143", "0.000005366541813954318772144798", "0.7480356851008800741375489", "0.002619086532159906785126609", "0.0"], ["0.2493286203938744246491091", "0.000005490550007917784337568268", "0.7480023328316469390755347", "0.002663556224470651005937682", "0.0"], ["0.2493182517216742396273437", "0.000005625499098295849141040861", "0.7479716316623175626172661", "0.002704491116909823913406569", "0.0"], ["0.2493087661734237356322933", "0.000005772304123114181203080223", "0.7479436154326405497946612", "0.0027418460898126458216085", "0.0"], ["0.249300158437895026171388", "0.00000593185733290936630832622", "0.747918270885683676228039", "0.002775638819088321220223038", "0.0"], ["0.2492924088051443019521645", "0.000006105022312362685265644075", "0.7478955414823699073659426", "0.002805944690173387010510001", "0.0"], ["0.2492854850021544684937087", "0.000006292632097702473162832921", "0.7478753329027565126622329", "0.002832889462991359562234274", "0.0"], ["0.2492793444127306057730346", "0.000006495491218799087348423582", "0.7478575197118481720483469", "0.002856640384202390795536135", "0.0"], ["0.2492739364935037649931088", "0.000006714381266702199087026128", "0.7478419526243113162532011", "0.002877396500918237351977595", "0.0"], ["0.249269205207057298593807", "0.000006950069353865113903487851", "0.7478284658292334912240623", "0.002895378894355377389613012", "0.0"], ["0.2492650913206426283929853", "0.000007203318713604453768402741", "0.7478168839180687833436263", "0.00291082144257503919177885", "0.0"], ["0.2492615344574907457335003", "0.00000747490067262125521632122", "0.74780702807449001671152", "0.002923962567346549095431028", "0.0"], ["0.249258474829880752501421", "0.000007765607303879847239537586", "0.747798721311553813047672", "0.002935038251261490010820828", "0.0"], ["0.2492558546226610313189902", "0.0000080762641965722636348377", "0.7477917926605728947528729", "0.00294427645256958851188368", "0.0"], ["0.2492536190286686681398512", "0.00000840774293465974942610723", "0.7477860803148099004008264", "0.002951892913586659611415774", "0.0"], ["0.2492517169614914617063533", "0.000008760973030205114141128986", "0.7477814338035648766547915", "0.002958088261913336097968038", "0.0"], ["0.2492501014861284846962537", "0.000009136953194979692871236912", "0.7477777153179702695866938", "0.002963046242706187270060737", "0.0"], ["0.2492487300154340863514076", "0.000009536761944359133551162861", "0.7477748003321351720553671", "0.002966932890486250329033682", "0.0"], ["0.2492475643215042274833881", "0.000009961567608722435064148302", "0.7477725776673389315014935", "0.002969896443548132656014186", "0.0"], ["0.2492465704082508345217818", "0.00001041263788144021123324483", "0.7477709491383966613856933", "0.002972067815470966084339422", "0.0"], ["0.2492457182859937901156499", "0.00001089134906364472435587118", "0.7477698289051722234577779", "0.002973561459770238638018905", "0.0"], ["0.2492449816823295002775025", "0.00001139919517978374681938341", "0.7477691426325277310547082", "0.002974476489962927104759731", "0.0"], ["0.2492443377167692435976901", "0.00001193779713979595285525769", "0.7477688265417270380153007", "0.002974897944363846982056175", "0.0"], ["0.2492437665603083511561263", "0.0000125089121181463691365422", "0.747768826417279372717923", "0.002974898110294031243498428", "0.0"], ["0.2492432510955184107512633", "0.00001311444331048942577101183", "0.7477690966164865805439867", "0.002974537844684451752585579", "0.0"], ["0.2492427765880979978292107", "0.00001375645021794809956585518", "0.7477695991149477186542322", "0.002973867846736290928140693", "0.0"], ["0.2492423303770700752826602", "0.00001443715959862935796376129", "0.7477703026100059558783865", "0.002972929853325249418479608", "0.0"], ["0.249241901587907285780781", "0.00001515897721707363955695693", "0.7477711816953729606637084", "0.002971757739502624070704261", "0.0"], ["0.2492414808706851704278675", "0.00001592450051540343833856456", "0.7477722161136016433811845", "0.00297037851519770100366937", "0.0"], ["0.2492410601637842857342077", "0.00001673653232518929946247588", "0.7477733900883284639266425", "0.002968813215562092727654956", "0.0"], ["0.2492406324825636318396298", "0.00001759809573647206168392415", "0.7477746917349001954479039", "0.002967077686799621852584048", "0.0"], ["0.2492401917317032229034327", "0.00001851245023981022370095543", "0.7477761125458291762011543", "0.002965183272227901320972595", "0.0"], ["0.2492397325394696577719233", "0.00001948310925843750003613266", "0.7477776469461841325118147", "0.002963137405087760403904433", "0.0"], ["0.2492392501119208848540713", "0.00002051385919036068573374731", "0.7477792919133336603563617", "0.002960944115555087636617031", "0.0"], ["0.2492387401049769767564543", "0.00002160878008422647272959179", "0.7477810466551834959827944", "0.002958604459755258599796586", "0.0"], ["0.249238198512292846080749", "0.00002277226807777338761312723", "0.747782912341111707001099", "0.002956116878517619896022086", "0.0"], ["0.2492376215669476485707067", "0.00002400905973337841283528679", "0.7477848918800430810053714", "0.002953477493275918500478145", "0.0"], ["0.2492370056550828692596902", "0.00002532425841133583476296635", "0.7477869897404825026885935", "0.002950680346023193942204551", "0.0"]