{"eq_pressures": [["0.249863341672", "0.749590025017", "0.00054663331074"], ["0.249860655548", "0.749581966645", "0.000557377806122"], ["0.249857897091", "0.749573691274", "0.00056841163469"], ["0.249855063892", "0.749565191677", "0.000579744430727"], ["0.249852153448", "0.749556460345", "0.000591386207015"], ["0.249849163157", "0.749547489471", "0.000603347371876"], ["0.249846090313", "0.74953827094", "0.000615638747085"], ["0.249842932103", "0.74952879631", "0.000628271586686"], ["0.249839685601", "0.749519056802", "0.000641257596779"], ["0.249836347761", "0.749509043283", "0.000654608956318"], ["0.249832915415", "0.749498746246", "0.000668338338985"], ["0.249829385266", "0.749488155798", "0.000682458936203"], ["0.24982575388", "0.749477261639", "0.000696984481345"], ["0.249822017681", "0.749466053044", "0.000711929275223"], ["0.249818172947", "0.74945451884", "0.000727308212911"], ["0.249814215797", "0.749442647391", "0.000743136812001"], ["0.249810142189", "0.749430426568", "0.000759431242361"], ["0.249805947911", "0.749417843732", "0.000776208357487"], ["0.249801628568", "0.749404885704", "0.000793485727552"], ["0.249797179581", "0.749391538744", "0.000811281674238"], ["0.249792596173", "0.749377788519", "0.000829615307473"], ["0.249787873359", "0.749363620077", "0.000848506564176"], ["0.249783005938", "0.749349017813", "0.000867976249141"], ["0.24977798848", "0.749333965441", "0.000888046078177"], ["0.249772815319", "0.749318445957", "0.000908738723663"], ["0.249767480534", "0.749302441603", "0.000930077862642"], ["0.249761977943", "0.749285933829", "0.000952088227626"], ["0.249756301085", "0.749268903255", "0.000974795660285"], ["0.249750443208", "0.749251329624", "0.000998227168179"], ["0.249744397254", "0.749233191761", "0.00102241098475"], ["0.249738155842", "0.749214467525", "0.00104737663275"], ["0.249731711252", "0.749195133756", "0.00107315499137"], ["0.249725055408", "0.749175166225", "0.00109977836724"], ["0.249718179858", "0.749154539573", "0.00112728056961"], ["0.249711075753", "0.749133227258", "0.00115569698994"], ["0.249703733828", "0.749111201485", "0.00118506468624"], ["0.249696144382", "0.749088433146", "0.00121542247233"], ["0.249688297247", "0.749064891741", "0.00124681101259"], ["0.249680181769", "0.749040545308", "0.0012792729223"], ["0.249671786781", "0.749015360344", "0.00131285287407"], ["0.249663100572", "0.748989301717", "0.0013475977108"], ["0.249654110859", "0.748962332576", "0.00138355656553"], ["0.249644804753", "0.748934414259", "0.00142078098865"], ["0.249635168729", "0.748905506188", "0.001459325083"], ["0.249625188588", "0.748875565764", "0.00149924564744"], ["0.249614849418", "0.748844548253", "0.00154060232929"], ["0.249604135553", "0.74881240666", "0.00158345778653"], ["0.249593030535", "0.748779091605", "0.00162787786013"], ["0.249581517061", "0.748744551182", "0.00167393175751"], ["0.249569576938", "0.748708730814", "0.0017216922476"], ["0.249557191033", "0.748671573099", "0.00177123586862"], ["0.249544339213", "0.748633017638", "0.00182264314928"], ["0.249531000289", "0.748593000867", "0.00187599884435"], ["0.249517151954", "0.748551455861", "0.00193139218577"], ["0.249502770712", "0.748508312137", "0.0019889171503"], ["0.249487831814", "0.748463495441", "0.00204867274489"], ["0.249472309172", "0.748416927517", "0.00211076331115"], ["0.249456175287", "0.748368525862", "0.00217529885023"], ["0.249439401158", "0.748318203473", "0.00224239536963"], ["0.249421956187", "0.74826586856", "0.0023121752536"], ["0.249403808085", "0.748211424256", "0.00238476765874"], ["0.249384922766", "0.748154768297", "0.00246030893689"], ["0.249365264228", "0.748095792685", "0.00253894308712"], ["0.24934479444", "0.748034383321", "0.00262082223921"], ["0.249323473207", "0.747970419622", "0.00270610717084"], ["0.249301258035", "0.747903774104", "0.00279496786112"], ["0.249278103979", "0.747834311938", "0.00288758408328"], ["0.24925396349", "0.74776189047", "0.00298414603939"], ["0.24922878624", "0.74768635872", "0.00308485504048"], ["0.249202518941", "0.747607556823", "0.00318992423548"], ["0.249175105152", "0.747525315455", "0.00329957939285"], ["0.249146485065", "0.747439455196", "0.00341405973889"], ["0.249116595286", "0.747349785857", "0.00353361885734"], ["0.249085368586", "0.747256105759", "0.00365852565495"], ["0.24905273365", "0.747158200951", "0.00378906539831"], ["0.249018614793", "0.747055844379", "0.0039255408276"], ["0.248982931662", "0.746948794985", "0.00406827335329"], ["0.248945598914", "0.746836796743", "0.00421760434261"], ["0.248906525874", "0.746719577623", "0.00437389650277"], ["0.248865616158", "0.746596848473", "0.0045375353689"], ["0.248822767274", "0.746468301821", "0.00470893090508"], ["0.248777870193", "0.746333610579", "0.00488851922763"], ["0.248730808885", "0.746192426655", "0.00507676446063"], ["0.248681459816", "0.746044379449", "0.00527416073434"], ["0.248629691415", "0.745889074246", "0.00548123433835"], ["0.24857536349", "0.745726090469", "0.00569854604193"], ["0.248518326601", "0.745554979803", "0.00592669359534"], ["0.248458421393", "0.74537526418", "0.00616631442705"], ["0.248395477862", "0.745186433585", "0.00641808855269"], ["0.248329314572", "0.744987943715", "0.00668274171338"], ["0.248259737809", "0.744779213428", "0.00696104876202"], ["0.24818654067", "0.744559622011", "0.00725383731809"], ["0.248109502072", "0.744328506215", "0.0075619917128"], ["0.248028385688", "0.744085157064", "0.00788645724831"], ["0.247942938801", "0.743828816402", "0.00822824479678"], ["0.247852891058", "0.743558673175", "0.00858843576667"], ["0.247757953133", "0.7432738594", "0.0089681874661"], ["0.247657815276", "0.742973445829", "0.00936873889517"], ["0.24755214575", "0.742656437249", "0.00979141700151"], ["0.247440589141", "0.742321767423", "0.0102376434358"], ["0.247322764538", "0.741968293615", "0.0107089418467"], ["0.247198263561", "0.741594790683", "0.0112069457564"], ["0.247066648234", "0.741199944703", "0.0117334070624"], ["0.246927448697", "0.740782346091", "0.0122902052121"], ["0.246780160725", "0.740340482175", "0.0128793570999"], ["0.246624243065", "0.739872729195", "0.0135030277399"], ["0.246459114558", "0.739377343673", "0.014163541769"], ["0.246284151041", "0.738852453122", "0.0148633958372"], ["0.246098682014", "0.738296046042", "0.0156052719441"], ["0.245901987054", "0.737705961163", "0.0163920517832"], ["0.245693291962", "0.737079875885", "0.0172268321534"], ["0.245471764625", "0.736415293875", "0.0181129414995"], ["0.245236510589", "0.735709531768", "0.0190539576427"], ["0.244986568311", "0.734959704932", "0.0200537267569"], ["0.244720904089", "0.734162712267", "0.0211163836443"], ["0.24443840666", "0.733315219981", "0.0222463733589"], ["0.244137881447", "0.73241364434", "0.0234484742133"], ["0.243818044451", "0.731454133352", "0.0247278221973"], ["0.243477515796", "0.730432547387", "0.026089936817"], ["0.243114812914", "0.729344438741", "0.0275407483456"], ["0.242728343387", "0.728185030162", "0.0290866264501"], ["0.242316397468", "0.726949192404", "0.0307344101275"], ["0.241877140289", "0.725631420866", "0.0324914388448"], ["0.241408603818", "0.724225811453", "0.034365584729"], ["0.2409086786", "0.7227260358", "0.0363652855999"], ["0.240375105358", "0.721125316075", "0.0384995785665"], ["0.239805466542", "0.719416399625", "0.0407781338338"], ["0.239197177933", "0.717591533798", "0.0432112882699"], ["0.238547480455", "0.715642441364", "0.0458100781808"], ["0.237853432346", "0.713560297038", "0.048586270616"], ["0.237111901902", "0.711335705705", "0.0515523923939"], ["0.236319561029", "0.708958683087", "0.0547217558834"], ["0.235472879898", "0.706418639693", "0.0581084804096"], ["0.234568123006", "0.703704369017", "0.0617275079779"], ["0.233601347046", "0.700804041138", "0.0655946118166"], ["0.232568400987", "0.697705202962", "0.0697263960502"], ["0.231464928845", "0.694394786535", "0.0741402846205"], ["0.230286375652", "0.690859126955", "0.0788544973931"], ["0.229027997193", "0.687083991579", "0.0838880112278"], ["0.227684874084", "0.683054622252", "0.0892605036635"], ["0.226251930801", "0.678755792402", "0.0949922767974"], ["0.224723960267", "0.674171880801", "0.101104158932"], ["0.223095654588", "0.669286963764", "0.107617381648"], ["0.221361642461", "0.664084927384", "0.114553430154"], ["0.219516533724", "0.658549601172", "0.121933865104"], ["0.217554971368", "0.652664914104", "0.129780114528"], ["0.215471691201", "0.646415073604", "0.138113235194"], ["0.213261589122", "0.639784767366", "0.146953643513"], ["0.210919795726", "0.632759387178", "0.156320817096"], ["0.208441757689", "0.625325273067", "0.166232969244"], ["0.205823325027", "0.617469975082", "0.176706699891"], ["0.203060843015", "0.609182529044", "0.187756627941"], ["0.200151247169", "0.600453741506", "0.199395011325"], ["0.197092159385", "0.591276478156", "0.211631362459"], ["0.193881982983", "0.581645948949", "0.224472068068"], ["0.190519994172", "0.571559982515", "0.237920023314"], ["0.187006427265", "0.561019281795", "0.25197429094"], ["0.18334255089", "0.550027652671", "0.266629796439"], ["0.179530732461", "0.538592197382", "0.281877070157"], ["0.175574488344", "0.526723465031", "0.297702046625"], ["0.171478517431", "0.514435552292", "0.314085930278"], ["0.16724871621", "0.501746148629", "0.331005135162"], ["0.162892173962", "0.488676521885", "0.348431304154"], ["0.158417147268", "0.475251441805", "0.366331410927"], ["0.153833013676", "0.461499041029", "0.384667945295"], ["0.149150205014", "0.447450615043", "0.403399179943"], ["0.144380121501", "0.433140364503", "0.422479513996"], ["0.139535028387", "0.418605085162", "0.44185988645"], ["0.134627937384", "0.403883812151", "0.461488250465"], ["0.129672475544", "0.389017426632", "0.481310097824"], ["0.12468274458", "0.374048233741", "0.501269021678"], ["0.119673173757", "0.359019521272", "0.521307304971"], ["0.11465836956", "0.343975108681", "0.541366521759"], ["0.109652965284", "0.328958895853", "0.561388138862"], ["0.104671473509", "0.314014420526", "0.581314105966"], ["0.0997281441757", "0.299184432527", "0.601087423297"], ["0.094836830685", "0.284510492055", "0.62065267726"], ["0.090010866032", "0.270032598096", "0.639956535872"], ["0.0852629506485", "0.255788851946", "0.658948197406"], ["0.0806050531959", "0.241815159588", "0.677579787216"], ["0.0760483251765", "0.22814497553", "0.695806699294"], ["0.0716030298581", "0.214809089574", "0.713587880567"], ["0.0672784856668", "0.201835457", "0.730886057333"], ["0.0630830239015", "0.189249071704", "0.747667904394"], ["0.0590239603598", "0.17707188108", "0.763904158561"], ["0.055107580245", "0.165322740735", "0.77956967902"], ["0.0513391355441", "0.154017406632", "0.794643457824"], ["0.0477228539321", "0.143168561796", "0.809108584272"], ["0.0442619581527", "0.132785874458", "0.822952167389"], ["0.040958694764", "0.122876084292", "0.836165220944"], ["0.0378143710992", "0.113443113298", "0.848742515603"], ["0.0348293992857", "0.104488197857", "0.860682402857"], ["0.0320033461772", "0.0960100385315", "0.871986615291"], ["0.0293349880879", "0.0880049642636", "0.882660047649"], ["0.0268223692642", "0.0804671077925", "0.892710522943"], ["0.0244628630881", "0.0733885892644", "0.902148547648"], ["0.0222532350756", "0.0667597052268", "0.910987059698"], ["0.0201897068063", "0.0605691204188", "0.919241172775"], ["0.0182680200003", "0.0548040600008", "0.926927919999"], ["0.0164835000365", "0.0494505001094", "0.934065999854"]], "EA": 0.0, "reverse_rates": [["3.06264049477e-07", "0.247974365465", "0.0", "3.06264049477e-07", "0.0", "0.0"], ["3.06585268482e-07", "0.242972166431", "0.0", "3.06585268482e-07", "0.0", "0.0"], ["3.06922034603e-07", "0.238039066684", "0.0", "3.06922034603e-07", "0.0", "0.0"], ["3.07271696813e-07", "0.233173303729", "0.0", "3.07271696813e-07", "0.0", "0.0"], ["3.07631571547e-07", "0.228373192558", "0.0", "3.07631571547e-07", "0.0", "0.0"], ["3.07998933082e-07", "0.223637120306", "0.0", "3.07998933082e-07", "0.0", "0.0"], ["3.08371003486e-07", "0.218963541165", "0.0", "3.08371003486e-07", "0.0", "0.0"], ["3.08744942086e-07", "0.214350971528", "0.0", "3.08744942086e-07", "0.0", "0.0"], ["3.09117834437e-07", "0.209797985381", "0.0", "3.09117834437e-07", "0.0", "0.0"], ["3.09486680772e-07", "0.205303209942", "0.0", "3.09486680772e-07", "0.0", "0.0"], ["3.09848383892e-07", "0.200865321551", "0.0", "3.09848383892e-07", "0.0", "0.0"], ["3.10199736494e-07", "0.19648304181", "0.0", "3.10199736494e-07", "0.0", "0.0"], ["3.10537407913e-07", "0.192155133988", "0.0", "3.10537407913e-07", "0.0", "0.0"], ["3.10857930254e-07", "0.187880399693", "0.0", "3.10857930254e-07", "0.0", "0.0"], ["3.11157683931e-07", "0.183657675811", "0.0", "3.11157683931e-07", "0.0", "0.0"], ["3.1143288259e-07", "0.179485831744", "0.0", "3.1143288259e-07", "0.0", "0.0"], ["3.11679557453e-07", "0.175363766932", "0.0", "3.11679557453e-07", "0.0", "0.0"], ["3.11893541085e-07", "0.171290408695", "0.0", "3.11893541085e-07", "0.0", "0.0"], ["3.12070450635e-07", "0.167264710395", "0.0", "3.12070450635e-07", "0.0", "0.0"], ["3.1220567061e-07", "0.163285649948", "0.0", "3.1220567061e-07", "0.0", "0.0"], ["3.12294335253e-07", "0.159352228702", "0.0", "3.12294335253e-07", "0.0", "0.0"], ["3.12331310631e-07", "0.155463470698", "0.0", "3.12331310631e-07", "0.0", "0.0"], ["3.12311176566e-07", "0.151618422356", "0.0", "3.12311176566e-07", "0.0", "0.0"], ["3.12228208582e-07", "0.147816152596", "0.0", "3.12228208582e-07", "0.0", "0.0"], ["3.12076360057e-07", "0.144055753433", "0.0", "3.12076360057e-07", "0.0", "0.0"], ["3.11849244855e-07", "0.140336341082", "0.0", "3.11849244855e-07", "0.0", "0.0"], ["3.11540120714e-07", "0.136657057599", "0.0", "3.11540120714e-07", "0.0", "0.0"], ["3.11141873767e-07", "0.133017073097", "0.0", "3.11141873767e-07", "0.0", "0.0"], ["3.10647004612e-07", "0.12941558857", "0.0", "3.10647004612e-07", "0.0", "0.0"], ["3.1004761641e-07", "0.125851839366", "0.0", "3.1004761641e-07", "0.0", "0.0"], ["3.09335405595e-07", "0.122325099324", "0.0", "3.09335405595e-07", "0.0", "0.0"], ["3.08501655823e-07", "0.118834685631", "0.0", "3.08501655823e-07", "0.0", "0.0"], ["3.07537235894e-07", "0.115379964388", "0.0", "3.07537235894e-07", "0.0", "0.0"], ["3.06432602456e-07", "0.111960356934", "0.0", "3.06432602456e-07", "0.0", "0.0"], ["3.05177808398e-07", "0.108575346901", "0.0", "3.05177808398e-07", "0.0", "0.0"], ["3.03762517896e-07", "0.105224488013", "0.0", "3.03762517896e-07", "0.0", "0.0"], ["3.02176029173e-07", "0.101907412594", "0.0", "3.02176029173e-07", "0.0", "0.0"], ["3.00407306106e-07", "0.0986238407376", "0.0", "3.00407306106e-07", "0.0", "0.0"], ["2.98445019814e-07", "0.095373590067", "0.0", "2.98445019814e-07", "0.0", "0.0"], ["2.96277601464e-07", "0.092156585988", "0.0", "2.96277601464e-07", "0.0", "0.0"], ["2.9389330744e-07", "0.088972872303", "0.0", "2.9389330744e-07", "0.0", "0.0"], ["2.91280298071e-07", "0.0858226220173", "0.0", "2.91280298071e-07", "0.0", "0.0"], ["2.88426730961e-07", "0.0827061481353", "0.0", "2.88426730961e-07", "0.0", "0.0"], ["2.85320869886e-07", "0.0796239141986", "0.0", "2.85320869886e-07", "0.0", "0.0"], ["2.81951210018e-07", "0.076576544284", "0.0", "2.81951210018e-07", "0.0", "0.0"], ["2.78306620006e-07", "0.0735648321348", "0.0", "2.78306620006e-07", "0.0", "0.0"], ["2.74376501133e-07", "0.0705897490672", "0.0", "2.74376501133e-07", "0.0", "0.0"], ["2.70150963422e-07", "0.0676524502615", "0.0", "2.70150963422e-07", "0.0", "0.0"], ["2.65621018158e-07", "0.0647542790302", "0.0", "2.65621018158e-07", "0.0", "0.0"], ["2.60778785787e-07", "0.0618967686421", "0.0", "2.60778785787e-07", "0.0", "0.0"], ["2.55617717721e-07", "0.0590816412928", "0.0", "2.55617717721e-07", "0.0", "0.0"], ["2.50132830006e-07", "0.056310803829", "0.0", "2.50132830006e-07", "0.0", "0.0"], ["2.44320946315e-07", "0.0535863398847", "0.0", "2.44320946315e-07", "0.0", "0.0"], ["2.38180947218e-07", "0.0509104981437", "0.0", "2.38180947218e-07", "0.0", "0.0"], ["2.3171402222e-07", "0.048285676537", "0.0", "2.3171402222e-07", "0.0", "0.0"], ["2.24923920636e-07", "0.0457144022833", "0.0", "2.24923920636e-07", "0.0", "0.0"], ["2.17817197017e-07", "0.0431993078126", "0.0", "2.17817197017e-07", "0.0", "0.0"], ["2.10403446572e-07", "0.0407431027489", "0.0", "2.10403446572e-07", "0.0", "0.0"], ["2.02695525759e-07", "0.0383485422783", "0.0", "2.02695525759e-07", "0.0", "0.0"], ["1.9470975301e-07", "0.0360183923833", "0.0", "1.9470975301e-07", "0.0", "0.0"], ["1.86466084274e-07", "0.033755392565", "0.0", "1.86466084274e-07", "0.0", "0.0"], ["1.77988257696e-07", "0.0315622168111", "0.0", "1.77988257696e-07", "0.0", "0.0"], ["1.69303901117e-07", "0.0294414336718", "0.0", "1.69303901117e-07", "0.0", "0.0"], ["1.60444595171e-07", "0.0273954663827", "0.0", "1.60444595171e-07", "0.0", "0.0"], ["1.51445883326e-07", "0.0254265540068", "0.0", "1.51445883326e-07", "0.0", "0.0"], ["1.42347218214e-07", "0.0235367145539", "0.0", "1.42347218214e-07", "0.0", "0.0"], ["1.33191830962e-07", "0.0217277109684", "0.0", "1.33191830962e-07", "0.0", "0.0"], ["1.24026506892e-07", "0.0200010207531", "0.0", "1.24026506892e-07", "0.0", "0.0"], ["1.1490124726e-07", "0.0183578098191", "0.0", "1.1490124726e-07", "0.0", "0.0"], ["1.05868792953e-07", "0.0167989109194", "0.0", "1.05868792953e-07", "0.0", "0.0"], ["9.69839833748e-08", "0.0153248067597", "0.0", "9.69839833748e-08", "0.0", "0.0"], ["8.8302923293e-08", "0.0139356175896", "0.0", "8.8302923293e-08", "0.0", "0.0"], ["7.98819345051e-08", "0.0126310928127", "0.0", "7.98819345051e-08", "0.0", "0.0"], ["7.17762799379e-08", "0.0114106059472", "0.0", "7.17762799379e-08", "0.0", "0.0"], ["6.40386678763e-08", "0.0102731521951", "0.0", "6.40386678763e-08", "0.0", "0.0"], ["5.67175746729e-08", "0.00921734800397", "0.0", "5.67175746729e-08", "0.0", "0.0"], ["4.98554646166e-08", "0.00824143237628", "0.0", "4.98554646166e-08", "0.0", "0.0"], ["4.34870307481e-08", "0.0073432703189", "0.0", "4.34870307481e-08", "0.0", "0.0"], ["3.76376207056e-08", "0.00652035963754", "0.0", "3.76376207056e-08", "0.0", "0.0"], ["3.23220337978e-08", "0.00576984308568", "0.0", "3.23220337978e-08", "0.0", "0.0"], ["2.75438659524e-08", "0.00508852839218", "0.0", "2.75438659524e-08", "0.0", "0.0"], ["2.32955301526e-08", "0.00447291862027", "0.0", "2.32955301526e-08", "0.0", "0.0"], ["1.95589950392e-08", "0.00391925447356", "0.0", "1.95589950392e-08", "0.0", "0.0"], ["1.63071804129e-08", "0.00342356862014", "0.0", "1.63071804129e-08", "0.0", "0.0"], ["1.35058513509e-08", "0.00298175018462", "0.0", "1.35058513509e-08", "0.0", "0.0"], ["1.11157879893e-08", "0.00258961577396", "0.0", "1.11157879893e-08", "0.0", "0.0"], ["9.09499057186e-09", "0.00224298224794", "0.0", "9.09499057186e-09", "0.0", "0.0"], ["7.40070831107e-09", "0.00193773620466", "0.0", "7.40070831107e-09", "0.0", "0.0"], ["5.99114166524e-09", "0.00166989580469", "0.0", "5.99114166524e-09", "0.0", "0.0"], ["4.82674053309e-09", "0.00143566183701", "0.0", "4.82674053309e-09", "0.0", "0.0"], ["3.87108740001e-09", "0.00123145645227", "0.0", "3.87108740001e-09", "0.0", "0.0"], ["3.09140348755e-09", "0.00105394940987", "0.0", "3.09140348755e-09", "0.0", "0.0"], ["2.45874416257e-09", "0.000900072781014", "0.0", "2.45874416257e-09", "0.0", "0.0"], ["1.94795974662e-09", "0.00076702573988", "0.0", "1.94795974662e-09", "0.0", "0.0"], ["1.53749471516e-09", "0.000652271386549", "0.0", "1.53749471516e-09", "0.0", "0.0"], ["1.20908769847e-09", "0.000553527564958", "0.0", "1.20908769847e-09", "0.0", "0.0"], ["9.47421229153e-10", "0.000468753469527", "0.0", "9.47421229153e-10", "0.0", "0.0"], ["7.39756836415e-10", "0.000396133565493", "0.0", "7.39756836415e-10", "0.0", "0.0"], ["5.75579495335e-10", "0.00033406004806", "0.0", "5.75579495335e-10", "0.0", "0.0"], ["4.46266218091e-10", "0.000281114777202", "0.0", "4.46266218091e-10", "0.0", "0.0"], ["3.44786726255e-10", "0.000236051371407", "0.0", "3.44786726255e-10", "0.0", "0.0"], ["2.65439356917e-10", "0.00019777793399", "0.0", "2.65439356917e-10", "0.0", "0.0"], ["2.03622211258e-10", "0.000165340719905", "0.0", "2.03622211258e-10", "0.0", "0.0"], ["1.55637637164e-10", "0.00013790892509", "0.0", "1.55637637164e-10", "0.0", "0.0"], ["1.18527090997e-10", "0.000114760687784", "0.0", "1.18527090997e-10", "0.0", "0.0"], ["8.9932965693e-11", "9.52703255178e-05", "0.0", "8.9932965693e-11", "0.0", "0.0"], ["6.79838923659e-11", "7.8896786381e-05", "0.0", "6.79838923659e-11", "0.0", "0.0"], ["5.12001706888e-11", "6.51732637336e-05", "0.0", "5.12001706888e-11", "0.0", "0.0"], ["3.84162564267e-11", "5.3697905439e-05", "0.0", "3.84162564267e-11", "0.0", "0.0"], ["2.87175650402e-11", "4.41255388505e-05", "0.0", "2.87175650402e-11", "0.0", "0.0"], ["2.13891952792e-11", "3.61603286227e-05", "0.0", "2.13891952792e-11", "0.0", "0.0"], ["1.58745106215e-11", "2.95492841759e-05", "0.0", "1.58745106215e-11", "0.0", "0.0"], ["1.17418251401e-11", "2.40765359563e-05", "0.0", "1.17418251401e-11", "0.0", "0.0"], ["8.65771727578e-12", "1.95583035657e-05", "0.0", "8.65771727578e-12", "0.0", "0.0"], ["6.36573803363e-12", "1.58384836955e-05", "0.0", "6.36573803363e-12", "0.0", "0.0"], ["4.66949009318e-12", "1.2784791141e-05", "0.0", "4.66949009318e-12", "0.0", "0.0"], ["3.41923351387e-12", "1.02853916551e-05", "0.0", "3.41923351387e-12", "0.0", "0.0"], ["2.50132516571e-12", "8.24597083445e-06", "0.0", "2.50132516571e-12", "0.0", "0.0"], ["1.82992600587e-12", "6.5871884651e-06", "0.0", "1.82992600587e-12", "0.0", "0.0"], ["1.34051609323e-12", "5.24247271604e-06", "0.0", "1.34051609323e-12", "0.0", "0.0"], ["9.84844822066e-13", "4.15611320829e-06", "0.0", "9.84844822066e-13", "0.0", "0.0"], ["7.27016012371e-13", "3.28161628263e-06", "0.0", "7.27016012371e-13", "0.0", "0.0"], ["5.40466657576e-13", "2.5802897378e-06", "0.0", "5.40466657576e-13", "0.0", "0.0"], ["4.05646423101e-13", "2.02002791913e-06", "0.0", "4.05646423101e-13", "0.0", "0.0"], ["3.08244241599e-13", "1.57427131694e-06", "0.0", "3.08244241599e-13", "0.0", "0.0"], ["2.37840121975e-13", "1.22111780465e-06", "0.0", "2.37840121975e-13", "0.0", "0.0"], ["1.86885898944e-13", "9.42565324967e-07", "0.0", "1.86885898944e-13", "0.0", "0.0"], ["1.49939207101e-13", "7.23868242647e-07", "0.0", "1.49939207101e-13", "0.0", "0.0"], ["1.23091395257e-13", "5.52991742055e-07", "0.0", "1.23091395257e-13", "0.0", "0.0"], ["1.03543174214e-13", "4.20150580289e-07", "0.0", "1.03543174214e-13", "0.0", "0.0"], ["8.92921526539e-14", "3.17420229615e-07", "0.0", "8.92921526539e-14", "0.0", "0.0"], ["7.89045879515e-14", "2.38409976698e-07", "0.0", "7.89045879515e-14", "0.0", "0.0"], ["7.13500940465e-14", "1.77988907542e-07", "0.0", "7.13500940465e-14", "0.0", "0.0"], ["6.58830610428e-14", "1.32056912912e-07", "0.0", "6.58830610428e-14", "0.0", "0.0"], ["6.19584395542e-14", "9.73539144105e-08", "0.0", "6.19584395542e-14", "0.0", "0.0"], ["5.91725611208e-14", "7.13014501528e-08", "0.0", "5.91725611208e-14", "0.0", "0.0"], ["5.72219932035e-14", "5.18715835921e-08", "0.0", "5.72219932035e-14", "0.0", "0.0"], ["5.58752146436e-14", "3.74788208223e-08", "0.0", "5.58752146436e-14", "0.0", "0.0"], ["5.49532651795e-14", "2.68913507642e-08", "0.0", "5.49532651795e-14", "0.0", "0.0"], ["5.43165650475e-14", "1.91584683811e-08", "0.0", "5.43165650475e-14", "0.0", "0.0"], ["5.38558912907e-14", "1.35515121165e-08", "0.0", "5.38558912907e-14", "0.0", "0.0"], ["5.34860927777e-14", "9.5160513326e-09", "0.0", "5.34860927777e-14", "0.0", "0.0"], ["5.3141569609e-14", "6.63340556117e-09", "0.0", "5.3141569609e-14", "0.0", "0.0"], ["5.27728681482e-14", "4.58987248306e-09", "0.0", "5.27728681482e-14", "0.0", "0.0"], ["5.23439765891e-14", "3.15229295937e-09", "0.0", "5.23439765891e-14", "0.0", "0.0"], ["5.18300686936e-14", "2.14879584695e-09", "0.0", "5.18300686936e-14", "0.0", "0.0"], ["5.12155520765e-14", "1.45374869518e-09", "0.0", "5.12155520765e-14", "0.0", "0.0"], ["5.04923461188e-14", "9.76097809979e-10", "0.0", "5.04923461188e-14", "0.0", "0.0"], ["4.96583546679e-14", "6.5041671099e-10", "0.0", "4.96583546679e-14", "0.0", "0.0"], ["4.87161192819e-14", "4.30098920108e-10", "0.0", "4.87161192819e-14", "0.0", "0.0"], ["4.7671647016e-14", "2.82231758843e-10", "0.0", "4.7671647016e-14", "0.0", "0.0"], ["4.65334078897e-14", "1.83774271759e-10", "0.0", "4.65334078897e-14", "0.0", "0.0"], ["4.53114948912e-14", "1.18736020086e-10", "0.0", "4.53114948912e-14", "0.0", "0.0"], ["4.40169360285e-14", "7.61155738336e-11", "0.0", "4.40169360285e-14", "0.0", "0.0"], ["4.26611448786e-14", "4.8409245614e-11", "0.0", "4.26611448786e-14", "0.0", "0.0"], ["4.12554939682e-14", "3.05430995235e-11", "0.0", "4.12554939682e-14", "0.0", "0.0"], ["3.98109943073e-14", "1.91156713982e-11", "0.0", "3.98109943073e-14", "0.0", "0.0"], ["3.83380644064e-14", "1.18662745266e-11", "0.0", "3.83380644064e-14", "0.0", "0.0"], ["3.68463729171e-14", "7.30531785321e-12", "0.0", "3.68463729171e-14", "0.0", "0.0"], ["3.53447403927e-14", "4.45974176649e-12", "0.0", "3.53447403927e-14", "0.0", "0.0"], ["3.38410873351e-14", "2.69939428908e-12", "0.0", "3.38410873351e-14", "0.0", "0.0"], ["3.23424174883e-14", "1.61973111123e-12", "0.0", "3.23424174883e-14", "0.0", "0.0"], ["3.08548271173e-14", "9.6331186754e-13", "0.0", "3.08548271173e-14", "0.0", "0.0"], ["2.93835326869e-14", "5.67751967113e-13", "0.0", "2.93835326869e-14", "0.0", "0.0"], ["2.79329108761e-14", "3.31536154029e-13", "0.0", "2.79329108761e-14", "0.0", "0.0"], ["2.65065462186e-14", "1.91773289143e-13", "0.0", "2.65065462186e-14", "0.0", "0.0"], ["2.51072828492e-14", "1.09856466404e-13", "0.0", "2.51072828492e-14", "0.0", "0.0"], ["2.37372778909e-14", "6.23058069377e-14", "0.0", "2.37372778909e-14", "0.0", "0.0"], ["2.23980549707e-14", "3.49760211917e-14", "0.0", "2.23980549707e-14", "0.0", "0.0"], ["2.1090557256e-14", "1.94272673277e-14", "0.0", "2.1090557256e-14", "0.0", "0.0"], ["1.98152003056e-14", "1.06732773214e-14", "0.0", "1.98152003056e-14", "0.0", "0.0"], ["1.85719260033e-14", "5.79770869492e-15", "0.0", "1.85719260033e-14", "0.0", "0.0"], ["1.73602599372e-14", "3.11239486442e-15", "0.0", "1.73602599372e-14", "0.0", "0.0"], ["1.61793758594e-14", "1.65042451128e-15", "0.0", "1.61793758594e-14", "0.0", "0.0"], ["1.50281723374e-14", "8.63999906113e-16", "0.0", "1.50281723374e-14", "0.0", "0.0"], ["1.39053683185e-14", "4.46240885633e-16", "0.0", "1.39053683185e-14", "0.0", "0.0"], ["1.28096258925e-14", "2.2721831753e-16", "0.0", "1.28096258925e-14", "0.0", "0.0"], ["1.17397095931e-14", "1.13964468406e-16", "0.0", "1.17397095931e-14", "0.0", "0.0"], ["1.06946912949e-14", "5.62505828332e-17", "0.0", "1.06946912949e-14", "0.0", "0.0"], ["9.6742067639e-15", "2.72918272379e-17", "0.0", "9.6742067639e-15", "0.0", "0.0"], ["8.67876226717e-15", "1.29996650065e-17", "0.0", "8.67876226717e-15", "0.0", "0.0"], ["7.71007515804e-15", "6.07007391023e-18", "0.0", "7.71007515804e-15", "0.0", "0.0"], ["6.77140948932e-15", "2.77398506317e-18", "0.0", "6.77140948932e-15", "0.0", "0.0"], ["5.86783759849e-15", "1.23841345502e-18", "0.0", "5.86783759849e-15", "0.0", "0.0"], ["5.00632774869e-15", "5.39018580649e-19", "0.0", "5.00632774869e-15", "0.0", "0.0"], ["4.19554055927e-15", "2.28232678399e-19", "0.0", "4.19554055927e-15", "0.0", "0.0"], ["3.44523398971e-15", "9.3799878331e-20", "0.0", "3.44523398971e-15", "0.0", "0.0"], ["2.76524718608e-15", "3.73314199363e-20", "0.0", "2.76524718608e-15", "0.0", "0.0"], ["2.16415875065e-15", "1.43551870628e-20", "0.0", "2.16415875065e-15", "0.0", "0.0"], ["1.64786207254e-15", "5.32196610395e-21", "0.0", "1.64786207254e-15", "0.0", "0.0"], ["1.21840295975e-15", "1.89852351619e-21", "0.0", "1.21840295975e-15", "0.0", "0.0"], ["8.73413334815e-16", "6.50581744118e-22", "0.0", "8.73413334815e-16", "0.0", "0.0"], ["6.06325026926e-16", "2.13852575269e-22", "0.0", "6.06325026926e-16", "0.0", "0.0"], ["4.07311135656e-16", "6.73539915156e-23", "0.0", "4.07311135656e-16", "0.0", "0.0"], ["2.6468469873e-16", "2.03082840743e-23", "0.0", "2.6468469873e-16", "0.0", "0.0"], ["1.66381569409e-16", "5.85823004163e-24", "0.0", "1.66381569409e-16", "0.0", "0.0"], ["1.0119605803e-16", "1.61599494103e-24", "0.0", "1.0119605803e-16", "0.0", "0.0"], ["5.95795058654e-17", "4.26129542204e-25", "0.0", "5.95795058654e-17", "0.0", "0.0"], ["3.39744765223e-17", "1.07385681871e-25", "0.0", "3.39744765223e-17", "0.0", "0.0"], ["1.87761708076e-17", "2.58544800727e-26", "0.0", "1.87761708076e-17", "0.0", "0.0"]], "pressures": [["0.2489023022418105570260908", "0.0001982593434626044064108585", "0.7473016847558194321853672", "0.00359775365890743155992524", "0.0"], ["0.2488471842798627019646095", "0.0002040147938427739154975952", "0.7471535972211163229474836", "0.00379520370517817138288017", "0.0"], ["0.2487887708957256952488953", "0.0002099793289120558492679167", "0.746996250673913253700503", "0.004004999101448954301148393", "0.0"], ["0.2487268448162744527734352", "0.0002161608159839530286046069", "0.7468290168967752170014573", "0.004227977470966346076225011", "0.0"], ["0.2486611734106503786666164", "0.0002225674209241704109687602", "0.7466512224947236992610382", "0.004465036673701868720284105", "0.0"], ["0.2485915075776137441662122", "0.000229207614871246061007322", "0.7464621455774548165215821", "0.004717139230060072259134799", "0.0"], ["0.2485175805561497719373723", "0.0002360901803574931215729144", "0.7462610122095218974927065", "0.004985317053970917736616843", "0.0"], ["0.2484391066552606758976837", "0.000243224216686906243683995", "0.746046992615842746024777", "0.005270676512209700356619227", "0.0"], ["0.2483557798989341929890025", "0.0002506191444067105679481689", "0.7458191971300227102728488", "0.005574403826636318971519738", "0.0"], ["0.2482672725824092935410766", "0.0002582847086871223127624624", "0.7455766718732891959917759", "0.005897770835614348757748894", "0.0"], ["0.2481732337360771148020527", "0.0002662309813994593313447047", "0.7453183941524296211817178", "0.006242141130093707448756092", "0.0"], ["0.2480732874936839471592292", "0.0002744683616558554434854782", "0.7450432675660193573650545", "0.006608976578640826910094278", "0.0"], ["0.2479670313619583370832232", "0.0002830075745444322115825544", "0.7447501168095083074916188", "0.006999844253988798163760131", "0.0"], ["0.2478540343894002462009054", "0.0002918596677617249464640844", "0.7444376821714858124308842", "0.007416423771352108345209953", "0.0"], ["0.2477338352327690824693265", "0.0003010360058094467173873802", "0.7441046137157355383892515", "0.007860515045685972747175512", "0.0"], ["0.2476059401208310673323067", "0.0003105482613853362255874171", "0.7437494651466491110938142", "0.008334046471134424475903255", "0.0"], ["0.2474698207162057832085156", "0.0003204084035579515703055562", "0.7433706873592911554819804", "0.008839083520945123259514646", "0.0"], ["0.2473249118777371320060978", "0.0003306286822730771925698888", "0.742966621680030527880381", "0.009377837759959268796823413", "0.0"], ["0.2471706093277512377954902", "0.000341221608695242424144481", "0.7425354928093393905740726", "0.009952676254214020170564059", "0.0"], ["0.247006267230906989970126", "0.0003521999308421742870655606", "0.7420754014852474931556212", "0.01056613135300332022780337", "0.0"], ["0.2468311956941534549551016", "0.0003635766039235886130572658", "0.7415843168942310816991036", "0.011220910807691830435358", "0.0"], ["0.2466446582006489130534756", "0.0003753647547494943145299901", "0.7410600688661951732503577", "0.01191990817840636941581926", "0.0"], ["0.2464458689944324097715008", "0.000387577639528342470487147", "0.7405003399018822087821606", "0.01266621346415690633650712", "0.0"], ["0.246233990437246911718607", "0.0004002285943336088470534773", "0.7399026570947415616969805", "0.01346312387367791142914648", "0.0"], ["0.2460081303642639065670482", "0.0004133309774806620143025571", "0.7392643840252336104342928", "0.01431415463302181305465234", "0.0"], ["0.2457673394716273333373885", "0.0004268981030266299379860836", "0.7385827127239616975062233", "0.015223049701384299021173", "0.0"], ["0.2455106087757882407055681", "0.0004409431645874098755561141", "0.7378546558211268554874434", "0.01619379223849750576356706", "0.0"], ["0.245236867192604884952501", "0.000455479148661698862389723", "0.7370770390237996074719207", "0.01723061463493373664403236", "0.0"], ["0.2449449792931857099898634", "0.0004705187366662647376422811", "0.7362464940895559250068528", "0.01833800788059207566042784", "0.0"], ["0.2446337433034892766745514", "0.0004860741949247213199605624", "0.7353594524952418955520256", "0.01952073000634410345567072", "0.0"], ["0.2443018894257714295794404", "0.0005021572519196607625115961", "0.7344121400330732695383813", "0.02078381328923565144955959", "0.0"], ["0.2439480785720644126134646", "0.0005187789622218437326399045", "0.7334005726028587675531569", "0.02213256986285492221409922", "0.0"], ["0.2435709016129114856570635", "0.000535949556657562101086961", "0.7323205535087070470915614", "0.02357259532172384520390787", "0.0"], ["0.2431688792584476735741966", "0.0005536782784745461565129716", "0.7311676726107665661985953", "0.02510976985231120449096974", "0.0"], ["0.2427404627034206044918242", "0.0005719732055265383774517674", "0.7299373077268414286078275", "0.02675025636421142852725618", "0.0"], ["0.2422840351826209845104326", "0.0005908410588261580958491858", "0.7286246287243414248827782", "0.02850049503421137905288893", "0.0"], ["0.2417979145980872317292717", "0.0006102869982242395036301001", "0.7272246047889344576770678", "0.03036719361475405465931374", "0.0"], ["0.2412803573939114357638152", "0.0006303144064706426237571443", "0.7257320154011461415395474", "0.03235731279847172434381081", "0.0"], ["0.2407295638679400464635885", "0.0006509246635054004231115526", "0.724141465594336434096158", "0.03447804587421813997602232", "0.0"], ["0.2401436851214697767039585", "0.0006721169135272854695097775", "0.722447406104991142808484", "0.03673679186001179385596839", "0.0"], ["0.2395208318574000474927371", "0.0006938878281958275069185435", "0.7206441590567875755422016", "0.03914112125761657275848864", "0.0"], ["0.2388590852433518872297838", "0.0007162313702458475365614494", "0.7187259498407931549290828", "0.04169873354560904985979826", "0.0"], ["0.2381565100580260453990762", "0.0007391385628322006777026386", "0.7166869458625746496887228", "0.0444174055165669880434558", "0.0"], ["0.2374111703355526532453758", "0.0007625972710739875275209554", "0.7145213028198800149972589", "0.04730492957349346887494593", "0.0"], ["0.236621147712745858860782", "0.0007865920035265360441658714", "0.7122232191488171876101475", "0.05036904113491038597419744", "0.0"], ["0.2357845626670339093478218", "0.000811103742666002077447417", "0.7097869992290996418293644", "0.05361733436120040111279067", "0.0"], ["0.2348995988074901525309208", "0.0008361098149125636003017357", "0.7072071258672080964300504", "0.05705716551038923348348066", "0.0"], ["0.2339645303471062680590736", "0.0008615838122271836880530564", "0.7044783424780003552414351", "0.0606955433626662247937623", "0.0"], ["0.2329777528406988469987405", "0.0008874955788753621019153014", "0.7015957452587224946965759", "0.06453900632170313377658751", "0.0"], ["0.2319378172193743865537956", "0.0009138112785392305987608206", "0.6985548854937407592526677", "0.06859348600834564124690812", "0.0"], ["0.2308434670893414812960431", "0.000940493558557576562076598", "0.6953518819436971620503361", "0.07286415740840379786228432", "0.0"], ["0.2296936791903875639096852", "0.0009675018296639789284711728", "0.6919835430601545766675068", "0.07735527591979381835864658", "0.0"], ["0.2284877068281213515868105", "0.0009947926811612945524656188", "0.6884474985278478404776591", "0.08207000196286941693741795", "0.0"], ["0.2272251260048255466117923", "0.001022320453003374290127056", "0.6847423393734867627088369", "0.08701021416868421962079815", "0.0"], ["0.225905883877104862027992", "0.001050037987739829281061842", "0.6808677655945341546175451", "0.09217631254062129204689008", "0.0"], ["0.224530349064740931482496", "0.001077897586699522625911261", "0.6768247399543212642654593", "0.09756701339423827831907699", "0.0"], ["0.2230993632238252736873629", "0.001105852196111868894141697", "0.6726156462598113411590528", "0.1031791383202514501068875", "0.0"], ["0.2216142931766769568610785", "0.001133856850030475558609296", "0.668244450080122378144134", "0.1090073998931702479847296", "0.0"], ["0.2200770827578505247077078", "0.001161870397817474024567874", "0.6637168594670038920882378", "0.1150441873773279067958544", "0.0"], ["0.2184903033839532407905042", "0.001189857544368779692798567", "0.6590404827849659138039497", "0.1212793562867118515414247", "0.0"], ["0.2168572021763695461941118", "0.001217791230881552014734616", "0.6542249802217531438953515", "0.1277000263709953483134613", "0.0"], ["0.2151817462484301742746116", "0.001245655382269054920348828", "0.6492822048920975018176652", "0.1342903934772023070221048", "0.0"], ["0.2134686614968554756430038", "0.001273448043545599135261689", "0.6442263286212033289790759", "0.1410315618383956451610653", "0.0"], ["0.2117234638936945936983342", "0.00130118492053614379133727", "0.6390739464426920145120996", "0.147901404743077171131487", "0.0"], ["0.2099524808410619451956287", "0.001328903328615024358880207", "0.6338441525090308037025914", "0.1548744633212921495509354", "0.0"], ["0.208162859611715885521917", "0.001356666534907907329384053", "0.6285585784398712383897599", "0.161921895413504834973152", "0.0"], ["0.2063625592492100423218547", "0.001384568452154482109513011", "0.6232413831040934797108877", "0.1690114891945419299304895", "0.0"], ["0.204560321558897321844916", "0.001412738603641221659054563", "0.6179191804876155016468155", "0.1761077593498458530280945", "0.0"], ["0.2027656160406094128186681", "0.001441347225870806480890052", "0.6126208897994405266593855", "0.1831721469340790576028391", "0.0"], ["0.2009885529109349462812541", "0.001470610307515239014684929", "0.6073774896553504090642894", "0.1901633471261993380626267", "0.0"], ["0.1992397579392520735751248", "0.001500794280584230513876227", "0.6022216566595087241297831", "0.1970377911206548854732576", "0.0"], ["0.1975302029869333284154866", "0.001532219987719018484178225", "0.597187268923956858273191", "0.2037503081013908105436173", "0.0"], ["0.1958709873161497888270063", "0.001565265459731836060205648", "0.5923087583276447863288837", "0.2102549888964734969819702", "0.0"], ["0.1942730674222981002830953", "0.001600366970300274130485807", "0.5876203031777951939374648", "0.2165062624296064826292569", "0.0"], ["0.1927469378084941807139538", "0.001638017819848512556109691", "0.5831548668850279266116346", "0.2224601774866292218109832", "0.0"], ["0.1913022719902750557613986", "0.001678764374467410142748641", "0.5789431090942274949162347", "0.2280758545410300456956982", "0.0"], ["0.1899475417905391212244332", "0.001723199082690470782756297", "0.5750122226196885699414305", "0.2333170365070817666169446", "0.0"], ["0.1886896425205681542088815", "0.001771950530369457120194769", "0.5713847791528127339808676", "0.2381536277962494507342918", "0.0"], ["0.1875335598288132062476457", "0.001825671052732316116474888", "0.5680776926446364216814123", "0.2425630764738180658987203", "0.0"], ["0.1864821180007372461784553", "0.001885022932491774958449018", "0.5651014227996868478579443", "0.2465314362670838364290153", "0.0"], ["0.1855358465637883961308486", "0.001950664653398799346356698", "0.5624595336515615732615795", "0.2500539551312511751411756", "0.0"], ["0.1846929907694653105978013", "0.00202323890854261832379053", "0.5601486890340236816628889", "0.2531350812879680204320797", "0.0"], ["0.1839496729350935882772533", "0.002103363972380437381969623", "0.5581591107224218688207955", "0.2557878523701036163983889", "0.0"], ["0.1833001895438749797544475", "0.002191629612762234684679371", "0.5564754574699114445251775", "0.2580327233734508838427821", "0.0"], ["0.182737408978465514619375", "0.00228859803523043256268812", "0.5550780210410876936965424", "0.25989597194521569137906