{"eq_pressures": [["0.249863341672", "0.749590025017", "0.00054663331074"], ["0.249860655548", "0.749581966645", "0.000557377806122"], ["0.249857897091", "0.749573691274", "0.00056841163469"], ["0.249855063892", "0.749565191677", "0.000579744430727"], ["0.249852153448", "0.749556460345", "0.000591386207015"], ["0.249849163157", "0.749547489471", "0.000603347371876"], ["0.249846090313", "0.74953827094", "0.000615638747085"], ["0.249842932103", "0.74952879631", "0.000628271586686"], ["0.249839685601", "0.749519056802", "0.000641257596779"], ["0.249836347761", "0.749509043283", "0.000654608956318"], ["0.249832915415", "0.749498746246", "0.000668338338985"], ["0.249829385266", "0.749488155798", "0.000682458936203"], ["0.24982575388", "0.749477261639", "0.000696984481345"], ["0.249822017681", "0.749466053044", "0.000711929275223"], ["0.249818172947", "0.74945451884", "0.000727308212911"], ["0.249814215797", "0.749442647391", "0.000743136812001"], ["0.249810142189", "0.749430426568", "0.000759431242361"], ["0.249805947911", "0.749417843732", "0.000776208357487"], ["0.249801628568", "0.749404885704", "0.000793485727552"], ["0.249797179581", "0.749391538744", "0.000811281674238"], ["0.249792596173", "0.749377788519", "0.000829615307473"], ["0.249787873359", "0.749363620077", "0.000848506564176"], ["0.249783005938", "0.749349017813", "0.000867976249141"], ["0.24977798848", "0.749333965441", "0.000888046078177"], ["0.249772815319", "0.749318445957", "0.000908738723663"], ["0.249767480534", "0.749302441603", "0.000930077862642"], ["0.249761977943", "0.749285933829", "0.000952088227626"], ["0.249756301085", "0.749268903255", "0.000974795660285"], ["0.249750443208", "0.749251329624", "0.000998227168179"], ["0.249744397254", "0.749233191761", "0.00102241098475"], ["0.249738155842", "0.749214467525", "0.00104737663275"], ["0.249731711252", "0.749195133756", "0.00107315499137"], ["0.249725055408", "0.749175166225", "0.00109977836724"], ["0.249718179858", "0.749154539573", "0.00112728056961"], ["0.249711075753", "0.749133227258", "0.00115569698994"], ["0.249703733828", "0.749111201485", "0.00118506468624"], ["0.249696144382", "0.749088433146", "0.00121542247233"], ["0.249688297247", "0.749064891741", "0.00124681101259"], ["0.249680181769", "0.749040545308", "0.0012792729223"], ["0.249671786781", "0.749015360344", "0.00131285287407"], ["0.249663100572", "0.748989301717", "0.0013475977108"], ["0.249654110859", "0.748962332576", "0.00138355656553"], ["0.249644804753", "0.748934414259", "0.00142078098865"], ["0.249635168729", "0.748905506188", "0.001459325083"], ["0.249625188588", "0.748875565764", "0.00149924564744"], ["0.249614849418", "0.748844548253", "0.00154060232929"], ["0.249604135553", "0.74881240666", "0.00158345778653"], ["0.249593030535", "0.748779091605", "0.00162787786013"], ["0.249581517061", "0.748744551182", "0.00167393175751"], ["0.249569576938", "0.748708730814", "0.0017216922476"], ["0.249557191033", "0.748671573099", "0.00177123586862"], ["0.249544339213", "0.748633017638", "0.00182264314928"], ["0.249531000289", "0.748593000867", "0.00187599884435"], ["0.249517151954", "0.748551455861", "0.00193139218577"], ["0.249502770712", "0.748508312137", "0.0019889171503"], ["0.249487831814", "0.748463495441", "0.00204867274489"], ["0.249472309172", "0.748416927517", "0.00211076331115"], ["0.249456175287", "0.748368525862", "0.00217529885023"], ["0.249439401158", "0.748318203473", "0.00224239536963"], ["0.249421956187", "0.74826586856", "0.0023121752536"], ["0.249403808085", "0.748211424256", "0.00238476765874"], ["0.249384922766", "0.748154768297", "0.00246030893689"], ["0.249365264228", "0.748095792685", "0.00253894308712"], ["0.24934479444", "0.748034383321", "0.00262082223921"], ["0.249323473207", "0.747970419622", "0.00270610717084"], ["0.249301258035", "0.747903774104", "0.00279496786112"], ["0.249278103979", "0.747834311938", "0.00288758408328"], ["0.24925396349", "0.74776189047", "0.00298414603939"], ["0.24922878624", "0.74768635872", "0.00308485504048"], ["0.249202518941", "0.747607556823", "0.00318992423548"], ["0.249175105152", "0.747525315455", "0.00329957939285"], ["0.249146485065", "0.747439455196", "0.00341405973889"], ["0.249116595286", "0.747349785857", "0.00353361885734"], ["0.249085368586", "0.747256105759", "0.00365852565495"], ["0.24905273365", "0.747158200951", "0.00378906539831"], ["0.249018614793", "0.747055844379", "0.0039255408276"], ["0.248982931662", "0.746948794985", "0.00406827335329"], ["0.248945598914", "0.746836796743", "0.00421760434261"], ["0.248906525874", "0.746719577623", "0.00437389650277"], ["0.248865616158", "0.746596848473", "0.0045375353689"], ["0.248822767274", "0.746468301821", "0.00470893090508"], ["0.248777870193", "0.746333610579", "0.00488851922763"], ["0.248730808885", "0.746192426655", "0.00507676446063"], ["0.248681459816", "0.746044379449", "0.00527416073434"], ["0.248629691415", "0.745889074246", "0.00548123433835"], ["0.24857536349", "0.745726090469", "0.00569854604193"], ["0.248518326601", "0.745554979803", "0.00592669359534"], ["0.248458421393", "0.74537526418", "0.00616631442705"], ["0.248395477862", "0.745186433585", "0.00641808855269"], ["0.248329314572", "0.744987943715", "0.00668274171338"], ["0.248259737809", "0.744779213428", "0.00696104876202"], ["0.24818654067", "0.744559622011", "0.00725383731809"], ["0.248109502072", "0.744328506215", "0.0075619917128"], ["0.248028385688", "0.744085157064", "0.00788645724831"], ["0.247942938801", "0.743828816402", "0.00822824479678"], ["0.247852891058", "0.743558673175", "0.00858843576667"], ["0.247757953133", "0.7432738594", "0.0089681874661"], ["0.247657815276", "0.742973445829", "0.00936873889517"], ["0.24755214575", "0.742656437249", "0.00979141700151"], ["0.247440589141", "0.742321767423", "0.0102376434358"], ["0.247322764538", "0.741968293615", "0.0107089418467"], ["0.247198263561", "0.741594790683", "0.0112069457564"], ["0.247066648234", "0.741199944703", "0.0117334070624"], ["0.246927448697", "0.740782346091", "0.0122902052121"], ["0.246780160725", "0.740340482175", "0.0128793570999"], ["0.246624243065", "0.739872729195", "0.0135030277399"], ["0.246459114558", "0.739377343673", "0.014163541769"], ["0.246284151041", "0.738852453122", "0.0148633958372"], ["0.246098682014", "0.738296046042", "0.0156052719441"], ["0.245901987054", "0.737705961163", "0.0163920517832"], ["0.245693291962", "0.737079875885", "0.0172268321534"], ["0.245471764625", "0.736415293875", "0.0181129414995"], ["0.245236510589", "0.735709531768", "0.0190539576427"], ["0.244986568311", "0.734959704932", "0.0200537267569"], ["0.244720904089", "0.734162712267", "0.0211163836443"], ["0.24443840666", "0.733315219981", "0.0222463733589"], ["0.244137881447", "0.73241364434", "0.0234484742133"], ["0.243818044451", "0.731454133352", "0.0247278221973"], ["0.243477515796", "0.730432547387", "0.026089936817"], ["0.243114812914", "0.729344438741", "0.0275407483456"], ["0.242728343387", "0.728185030162", "0.0290866264501"], ["0.242316397468", "0.726949192404", "0.0307344101275"], ["0.241877140289", "0.725631420866", "0.0324914388448"], ["0.241408603818", "0.724225811453", "0.034365584729"], ["0.2409086786", "0.7227260358", "0.0363652855999"], ["0.240375105358", "0.721125316075", "0.0384995785665"], ["0.239805466542", "0.719416399625", "0.0407781338338"], ["0.239197177933", "0.717591533798", "0.0432112882699"], ["0.238547480455", "0.715642441364", "0.0458100781808"], ["0.237853432346", "0.713560297038", "0.048586270616"], ["0.237111901902", "0.711335705705", "0.0515523923939"], ["0.236319561029", "0.708958683087", "0.0547217558834"], ["0.235472879898", "0.706418639693", "0.0581084804096"], ["0.234568123006", "0.703704369017", "0.0617275079779"], ["0.233601347046", "0.700804041138", "0.0655946118166"], ["0.232568400987", "0.697705202962", "0.0697263960502"], ["0.231464928845", "0.694394786535", "0.0741402846205"], ["0.230286375652", "0.690859126955", "0.0788544973931"], ["0.229027997193", "0.687083991579", "0.0838880112278"], ["0.227684874084", "0.683054622252", "0.0892605036635"], ["0.226251930801", "0.678755792402", "0.0949922767974"], ["0.224723960267", "0.674171880801", "0.101104158932"], ["0.223095654588", "0.669286963764", "0.107617381648"], ["0.221361642461", "0.664084927384", "0.114553430154"], ["0.219516533724", "0.658549601172", "0.121933865104"], ["0.217554971368", "0.652664914104", "0.129780114528"], ["0.215471691201", "0.646415073604", "0.138113235194"], ["0.213261589122", "0.639784767366", "0.146953643513"], ["0.210919795726", "0.632759387178", "0.156320817096"], ["0.208441757689", "0.625325273067", "0.166232969244"], ["0.205823325027", "0.617469975082", "0.176706699891"], ["0.203060843015", "0.609182529044", "0.187756627941"], ["0.200151247169", "0.600453741506", "0.199395011325"], ["0.197092159385", "0.591276478156", "0.211631362459"], ["0.193881982983", "0.581645948949", "0.224472068068"], ["0.190519994172", "0.571559982515", "0.237920023314"], ["0.187006427265", "0.561019281795", "0.25197429094"], ["0.18334255089", "0.550027652671", "0.266629796439"], ["0.179530732461", "0.538592197382", "0.281877070157"], ["0.175574488344", "0.526723465031", "0.297702046625"], ["0.171478517431", "0.514435552292", "0.314085930278"], ["0.16724871621", "0.501746148629", "0.331005135162"], ["0.162892173962", "0.488676521885", "0.348431304154"], ["0.158417147268", "0.475251441805", "0.366331410927"], ["0.153833013676", "0.461499041029", "0.384667945295"], ["0.149150205014", "0.447450615043", "0.403399179943"], ["0.144380121501", "0.433140364503", "0.422479513996"], ["0.139535028387", "0.418605085162", "0.44185988645"], ["0.134627937384", "0.403883812151", "0.461488250465"], ["0.129672475544", "0.389017426632", "0.481310097824"], ["0.12468274458", "0.374048233741", "0.501269021678"], ["0.119673173757", "0.359019521272", "0.521307304971"], ["0.11465836956", "0.343975108681", "0.541366521759"], ["0.109652965284", "0.328958895853", "0.561388138862"], ["0.104671473509", "0.314014420526", "0.581314105966"], ["0.0997281441757", "0.299184432527", "0.601087423297"], ["0.094836830685", "0.284510492055", "0.62065267726"], ["0.090010866032", "0.270032598096", "0.639956535872"], ["0.0852629506485", "0.255788851946", "0.658948197406"], ["0.0806050531959", "0.241815159588", "0.677579787216"], ["0.0760483251765", "0.22814497553", "0.695806699294"], ["0.0716030298581", "0.214809089574", "0.713587880567"], ["0.0672784856668", "0.201835457", "0.730886057333"], ["0.0630830239015", "0.189249071704", "0.747667904394"], ["0.0590239603598", "0.17707188108", "0.763904158561"], ["0.055107580245", "0.165322740735", "0.77956967902"], ["0.0513391355441", "0.154017406632", "0.794643457824"], ["0.0477228539321", "0.143168561796", "0.809108584272"], ["0.0442619581527", "0.132785874458", "0.822952167389"], ["0.040958694764", "0.122876084292", "0.836165220944"], ["0.0378143710992", "0.113443113298", "0.848742515603"], ["0.0348293992857", "0.104488197857", "0.860682402857"], ["0.0320033461772", "0.0960100385315", "0.871986615291"], ["0.0293349880879", "0.0880049642636", "0.882660047649"], ["0.0268223692642", "0.0804671077925", "0.892710522943"], ["0.0244628630881", "0.0733885892644", "0.902148547648"], ["0.0222532350756", "0.0667597052268", "0.910987059698"], ["0.0201897068063", "0.0605691204188", "0.919241172775"], ["0.0182680200003", "0.0548040600008", "0.926927919999"], ["0.0164835000365", "0.0494505001094", "0.934065999854"]], "EA": -1.2, "reverse_rates": [["0.0119889949299", "28.237906829", "0.0", "1.09396362227e-07", "0.0", "0.0"], ["0.0109892173708", "26.4310710679", "0.0", "9.6249042898e-08", "0.0", "0.0"], ["0.0100605619063", "24.7209889995", "0.0", "8.45542417364e-08", "0.0", "0.0"], ["0.00919920034263", "23.1039091905", "0.0", "7.41684758568e-08", "0.0", "0.0"], ["0.00840139148809", "21.5761223747", "0.0", "6.49602760999e-08", "0.0", "0.0"], ["0.00766349119811", "20.1339687536", "0.0", "5.68094426415e-08", "0.0", "0.0"], ["0.00698196109654", "18.7738447939", "0.0", "4.96063161143e-08", "0.0", "0.0"], ["0.00635337599887", "17.492209506", "0.0", "4.32510677742e-08", "0.0", "0.0"], ["0.00577443007512", "16.2855901893", "0.0", "3.7653011745e-08", "0.0", "0.0"], ["0.00524194180065", "15.1505876404", "0.0", "3.27299418933e-08", "0.0", "0.0"], ["0.00475285775192", "14.0838808194", "0.0", "2.840749541e-08", "0.0", "0.0"], ["0.00430425531186", "13.0822309775", "0.0", "2.46185447279e-08", "0.0", "0.0"], ["0.0038933443551", "12.1424852521", "0.0", "2.13026189788e-08", "0.0", "0.0"], ["0.0035174679878", "11.2615797397", "0.0", "1.84053558014e-08", "0.0", "0.0"], ["0.00317410241992", "10.4365420592", "0.0", "1.58779839464e-08", "0.0", "0.0"], ["0.00286085604921", "9.66449342314", "0.0", "1.36768368002e-08", "0.0", "0.0"], ["0.002575467837", "8.94265023506", "0.0", "1.17628966533e-08", "0.0", "0.0"], ["0.00231580505502", "8.26832523427", "0.0", "1.01013692846e-08", "0.0", "0.0"], ["0.00207986048132", "7.63892821167", "0.0", "8.66128820787e-09", "0.0", "0.0"], ["0.00186574912065", "7.05196632068", "0.0", "7.41514773994e-09", "0.0", "0.0"], ["0.00167170452205", "6.50504400906", "0.0", "6.33856389327e-09", "0.0", "0.0"], ["0.00149607476249", "5.99586259824", "0.0", "5.40996197014e-09", "0.0", "0.0"], ["0.00133731816167", "5.52221953683", "0.0", "4.61028963877e-09", "0.0", "0.0"], ["0.00119399878854", "5.08200735571", "0.0", "3.92275420053e-09", "0.0", "0.0"], ["0.00106478181556", "4.6732123515", "0.0", "3.33258271027e-09", "0.0", "0.0"], ["0.000948428772119", "4.29391302533", "0.0", "2.82680358553e-09", "0.0", "0.0"], ["0.000843792743609", "3.94227830302", "0.0", "2.39404833293e-09", "0.0", "0.0"], ["0.000749813557931", "3.61656556224", "0.0", "2.0243720284e-09", "0.0", "0.0"], ["0.000665512996636", "3.31511849136", "0.0", "1.70909121052e-09", "0.0", "0.0"], ["0.000589990063253", "3.03636480355", "0.0", "1.44063787992e-09", "0.0", "0.0"], ["0.000522416337082", "2.77881382888", "0.0", "1.21242834094e-09", "0.0", "0.0"], ["0.000462031436579", "2.54105400574", "0.0", "1.01874567252e-09", "0.0", "0.0"], ["0.000408138612576", "2.32175029177", "0.0", "8.54634671673e-10", "0.0", "0.0"], ["0.000360100487968", "2.11964151328", "0.0", "7.15808173425e-10", "0.0", "0.0"], ["0.000317334957155", "1.93353767057", "0.0", "5.98563714222e-10", "0.0", "0.0"], ["0.000279311255466", "1.76231721573", "0.0", "4.99709570645e-10", "0.0", "0.0"], ["0.000245546206022", "1.60492431748", "0.0", "4.16499270305e-10", "0.0", "0.0"], ["0.000215600649021", "1.46036612712", "0.0", "3.46573736435e-10", "0.0", "0.0"], ["0.000189076056164", "1.32771005768", "0.0", "2.87910291179e-10", "0.0", "0.0"], ["0.000165611331057", "1.20608108751", "0.0", "2.38777804123e-10", "0.0", "0.0"], ["0.000144879794663", "1.09465909839", "0.0", "1.97697331989e-10", "0.0", "0.0"], ["0.000126586353445", "0.992676256757", "0.0", "1.63407652013e-10", "0.0", "0.0"], ["0.000110464846602", "0.899414445999", "0.0", "1.34835145273e-10", "0.0", "0.0"], ["9.62755677498e-05", "0.814202756334", "0.0", "1.11067536829e-10", "0.0", "0.0"], ["8.38029555547e-05", "0.736415038102", "0.0", "9.13310469417e-11", "0.0", "0.0"], ["7.28534471687e-05", "0.665467523257", "0.0", "7.49705517548e-11", "0.0", "0.0"], ["6.32534877654e-05", "0.600816519011", "0.0", "6.14323927538e-11", "0.0", "0.0"], ["5.48476891178e-05", "0.541956176833", "0.0", "5.02495120022e-11", "0.0", "0.0"], ["4.74971298852e-05", "0.488416339258", "0.0", "4.10286247893e-11", "0.0", "0.0"], ["4.10777901285e-05", "0.439760466294", "0.0", "3.34391729664e-11", "0.0", "0.0"], ["3.54791125133e-05", "0.395583642636", "0.0", "2.72038310555e-11", "0.0", "0.0"], ["3.06026826804e-05", "0.35551066633", "0.0", "2.20903633423e-11", "0.0", "0.0"], ["2.63610213558e-05", "0.319194219045", "0.0", "1.79046537715e-11", "0.0", "0.0"], ["2.26764809155e-05", "0.286313117665", "0.0", "1.44847517169e-11", "0.0", "0.0"], ["1.94802393172e-05", "0.256570646548", "0.0", "1.16957957721e-11", "0.0", "0.0"], ["1.67113845407e-05", "0.229692969412", "0.0", "9.42569476389e-12", "0.0", "0.0"], ["1.43160829407e-05", "0.205427619557", "0.0", "7.58146040317e-12", "0.0", "0.0"], ["1.22468252006e-05", "0.18354206683", "0.0", "6.08609950278e-12", "0.0", "0.0"], ["1.04617438735e-05", "0.163822359554", "0.0", "4.87598567578e-12", "0.0", "0.0"], ["8.92399680858e-06", "0.146071839434", "0.0", "3.89864101288e-12", "0.0", "0.0"], ["7.60121107662e-06", "0.130109927302", "0.0", "3.11086756721e-12", "0.0", "0.0"], ["6.46498232446e-06", "0.115770977452", "0.0", "2.47717667275e-12", "0.0", "0.0"], ["5.49042480534e-06", "0.1029031982", "0.0", "1.96847130701e-12", "0.0", "0.0"], ["4.65576764115e-06", "0.0913676362486", "0.0", "1.56094298841e-12", "0.0", "0.0"], ["3.94199317611e-06", "0.0810372223686", "0.0", "1.23515017365e-12", "0.0", "0.0"], ["3.33251357522e-06", "0.0717958758938", "0.0", "9.75249880456e-13", "0.0", "0.0"], ["2.81288210397e-06", "0.0635376654977", "0.0", "7.68358390746e-13", "0.0", "0.0"], ["2.37053579675e-06", "0.0561660237352", "0.0", "6.04020461328e-13", "0.0", "0.0"], ["1.99456648001e-06", "0.0495930128391", "0.0", "4.73769552791e-13", "0.0", "0.0"], ["1.67551736139e-06", "0.0437386392923", "0.0", "3.70764241723e-13", "0.0", "0.0"], ["1.40520262736e-06", "0.0385302147369", "0.0", "2.89488261288e-13", "0.0", "0.0"], ["1.17654771007e-06", "0.0339017608249", "0.0", "2.25503568616e-13", "0.0", "0.0"], ["9.8344808782e-07", "0.0297934556711", "0.0", "1.75247507067e-13", "0.0", "0.0"], ["8.20644674574e-07", "0.0261511196323", "0.0", "1.35866555096e-13", "0.0", "0.0"], ["6.83614031199e-07", "0.0229257381996", "0.0", "1.05080364518e-13", "0.0", "0.0"], ["5.68471795804e-07", "0.020073019863", "0.0", "8.10708186733e-14", "0.0", "0.0"], ["4.7188788296e-07", "0.0175529868814", "0.0", "6.23917111097e-14", "0.0", "0.0"], ["3.91012142083e-07", "0.015329596965", "0.0", "4.78953802522e-14", "0.0", "0.0"], ["3.23409294602e-07", "0.0133703939571", "0.0", "3.66732547186e-14", "0.0", "0.0"], ["2.67002088189e-07", "0.0116461856769", "0.0", "2.80077844045e-14", "0.0", "0.0"], ["2.20021714937e-07", "0.0101307471672", "0.0", "2.13336688913e-14", "0.0", "0.0"], ["1.80964639551e-07", "0.00880054766548", "0.0", "1.62066598174e-14", "0.0", "0.0"], ["1.48555073941e-07", "0.00763449969592", "0.0", "1.22785185136e-14", "0.0", "0.0"], ["1.21712416709e-07", "0.00661372875978", "0.0", "9.27696382595e-15", "0.0", "0.0"], ["9.9523050437e-08", "0.00572136217788", "0.0", "6.98965565773e-15", "0.0", "0.0"], ["8.12159570259e-08", "0.00494233572403", "0.0", "5.25143422764e-15", "0.0", "0.0"], ["6.61416721334e-08", "0.00426321677429", "0.0", "3.9341791984e-15", "0.0", "0.0"], ["5.37541544837e-08", "0.00367204279101", "0.0", "2.93877165125e-15", "0.0", "0.0"], ["4.35951950604e-08", "0.00315817405716", "0.0", "2.18873956638e-15", "0.0", "0.0"], ["3.52810353257e-08", "0.00271215966915", "0.0", "1.6252475748e-15", "0.0", "0.0"], ["2.84909031216e-08", "0.00232561587036", "0.0", "1.20315726455e-15", "0.0", "0.0"], ["2.2957210194e-08", "0.00199111584647", "0.0", "8.87937771183e-16", "0.0", "0.0"], ["1.84571867205e-08", "0.00170209010149", "0.0", "6.53249866584e-16", "0.0", "0.0"], ["1.48057561778e-08", "0.00145273650064", "0.0", "4.79062044305e-16", "0.0", "0.0"], ["1.18494786856e-08", "0.0012379390399", "0.0", "3.50185652432e-16", "0.0", "0.0"], ["9.46141293771e-09", "0.00105319441855", "0.0", "2.55139167905e-16", "0.0", "0.0"], ["7.53676625376e-09", "0.000894545573406", "0.0", "1.85270250575e-16", "0.0", "0.0"], ["5.98921944013e-09", "0.000758521466208", "0.0", "1.34079097381e-16", "0.0", "0.0"], ["4.74782825576e-09", "0.000642082561616", "0.0", "9.66985257088e-17", "0.0", "0.0"], ["3.75441655582e-09", "0.000542571553841", "0.0", "6.94957163874e-17", "0.0", "0.0"], ["2.96138782345e-09", "0.000457668974563", "0.0", "4.97681051314e-17", "0.0", "0.0"], ["2.32989197178e-09", "0.000385353346328", "0.0", "3.55119059755e-17", "0.0", "0.0"], ["1.82829317151e-09", "0.000323865549729", "0.0", "2.52464904725e-17", "0.0", "0.0"], ["1.43089218087e-09", "0.000271677066778", "0.0", "1.78815833098e-17", "0.0", "0.0"], ["1.11686336286e-09", "0.000227461759691", "0.0", "1.26171717668e-17", "0.0", "0.0"], ["8.69372389632e-10", "0.000190070849208", "0.0", "8.86832714558e-18", "0.0", "0.0"], ["6.74845665327e-10", "0.00015851077029", "0.0", "6.20893292669e-18", "0.0", "0.0"], ["5.22366842065e-10", "0.000131923603419", "0.0", "4.32971278925e-18", "0.0", "0.0"], ["4.03179545278e-10", "0.000109569803923", "0.0", "3.0070364392e-18", "0.0", "0.0"], ["3.10278640041e-10", "9.08129773162e-05", "0.0", "2.07981987293e-18", "0.0", "0.0"], ["2.38075126582e-10", "7.51064738303e-05", "0.0", "1.43248287745e-18", "0.0", "0.0"], ["1.82122110752e-10", "6.19815989249e-05", "0.0", "9.82422674392e-19", "0.0", "0.0"], ["1.38891306452e-10", "5.10372582837e-05", "0.0", "6.70842150542e-19", "0.0", "0.0"], ["1.05591238537e-10", "4.1930875295e-05", "0.0", "4.56060422525e-19", "0.0", "0.0"], ["8.00197674012e-11", "3.43704364683e-05", "0.0", "3.08653197561e-19", "0.0", "0.0"], ["6.04447863397e-11", "2.8107535763e-05", "0.0", "2.07936631665e-19", "0.0", "0.0"], ["4.55079812824e-11", "2.29313026332e-05", "0.0", "1.39433687374e-19", "0.0", "0.0"], ["3.41474170577e-11", "1.86631109166e-05", "0.0", "9.30560713903e-20", "0.0", "0.0"], ["2.55354489075e-11", "1.51519767148e-05", "0.0", "6.18051900783e-20", "0.0", "0.0"], ["1.90290732273e-11", "1.22705632777e-05", "0.0", "4.08479675489e-20", "0.0", "0.0"], ["1.41303454133e-11", "9.91171977151e-06", "0.0", "2.68622477057e-20", "0.0", "0.0"], ["1.0454920744e-11", "7.98548877145e-06", "0.0", "1.75752213553e-20", "0.0", "0.0"], ["7.70712972309e-12", "6.41652449759e-06", "0.0", "1.14394461711e-20", "0.0", "0.0"], ["5.66029370341e-12", "5.14187026641e-06", "0.0", "7.40650139977e-21", "0.0", "0.0"], ["4.14122967138e-12", "4.10904944735e-06", "0.0", "4.76960335823e-21", "0.0", "0.0"], ["3.01809314392e-12", "3.27442944417e-06", "0.0", "3.05469968085e-21", "0.0", "0.0"], ["2.1908723089e-12", "2.60182292374e-06", "0.0", "1.9454802211e-21", "0.0", "0.0"], ["1.58398084179e-12", "2.06129473562e-06", "0.0", "1.2320007333e-21", "0.0", "0.0"], ["1.14050633996e-12", "1.6281467491e-06", "0.0", "7.75663898428e-22", "0.0", "0.0"], ["8.17760318082e-13", "1.28205621789e-06", "0.0", "4.85474091201e-22", "0.0", "0.0"], ["5.83847801728e-13", "1.0063463041e-06", "0.0", "3.02021976096e-22", "0.0", "0.0"], ["4.1503275609e-13", "7.87370084428e-07", "0.0", "1.86741087346e-22", "0.0", "0.0"], ["2.93722407244e-13", "6.13991753581e-07", "0.0", "1.14740720668e-22", "0.0", "0.0"], ["2.06931046532e-13", "4.77150861257e-07", "0.0", "7.00515467137e-23", "0.0", "0.0"], ["1.45113888234e-13", "3.69497295522e-07", "0.0", "4.24898336917e-23", "0.0", "0.0"], ["1.01285408815e-13", "2.85086380967e-07", "0.0", "2.56013390723e-23", "0.0", "0.0"], ["7.03555113853e-14", "2.19124917172e-07", "0.0", "1.53211847854e-23", "0.0", "0.0"], ["4.86317980975e-14", "1.67760261972e-07", "0.0", "9.10571653931e-24", "0.0", "0.0"], ["3.34479858537e-14", "1.27905683512e-07", "0.0", "5.37361394247e-24", "0.0", "0.0"], ["2.28877095867e-14", "9.70961823929e-08", "0.0", "3.14837254826e-24", "0.0", "0.0"], ["1.55801437178e-14", "7.3369835861e-08", "0.0", "1.83108329304e-24", "0.0", "0.0"], ["1.05494570402e-14", "5.51704543517e-08", "0.0", "1.05697717373e-24", "0.0", "0.0"], ["7.1044377854e-15", "4.12679796171e-08", "0.0", "6.0546628322e-25", "0.0", "0.0"], ["4.757955167e-15", "3.06936049223e-08", "0.0", "3.44120499574e-25", "0.0", "0.0"], ["3.16847759478e-15", "2.26870719041e-08", "0.0", "1.9402367261e-25", "0.0", "0.0"], ["2.09781782258e-15", "1.66540051571e-08", "0.0", "1.08504506986e-25", "0.0", "0.0"], ["1.38075740724e-15", "1.21314929607e-08", "0.0", "6.01745489404e-26", "0.0", "0.0"], ["9.03323977611e-16", "8.76041837349e-09", "0.0", "3.30880222251e-26", "0.0", "0.0"], ["5.87338766196e-16", "6.2632960022e-09", "0.0", "1.80360008165e-26", "0.0", "0.0"], ["3.79484021581e-16", "4.42658214669e-09", "0.0", "9.74400110202e-27", "0.0", "0.0"], ["2.43611051669e-16", "3.08660518369e-09", "0.0", "5.21645802994e-27", "0.0", "0.0"], ["1.55358950773e-16", "2.118413953e-09", "0.0", "2.76672829869e-27", "0.0", "0.0"], ["9.84116719903e-17", "1.4269691964e-09", "0.0", "1.45351028213e-27", "0.0", "0.0"], ["6.19100627451e-17", "9.4021121816e-10", "0.0", "7.56199029776e-28", "0.0", "0.0"], ["3.86733145514e-17", "6.03629981571e-10", "0.0", "3.89514155633e-28", "0.0", "0.0"], ["2.39842502661e-17", "3.76044793758e-10", "0.0", "1.98599976915e-28", "0.0", "0.0"], ["1.47649630489e-17", "2.26369495122e-10", "0.0", "1.00207568376e-28", "0.0", "0.0"], ["9.02099839364e-18", "1.31190163025e-10", "0.0", "5.00242446119e-29", "0.0", "0.0"], ["5.46908950524e-18", "7.30056562014e-11", "0.0", "2.47006940587e-29", "0.0", "0.0"], ["3.28952591047e-18", "3.89726608267e-11", "0.0", "1.20607071474e-29", "0.0", "0.0"], ["1.96257623188e-18", "1.99761093671e-11", "0.0", "5.82175774008e-30", "0.0", "0.0"], ["1.16120556726e-18", "9.85708525264e-12", "0.0", "2.77736000108e-30", "0.0", "0.0"], ["6.81228266904e-19", "4.69999214136e-12", "0.0", "1.30912742451e-30", "0.0", "0.0"], ["3.96173952712e-19", "2.1744136823e-12", "0.0", "6.09500780455e-31", "0.0", "0.0"], ["2.28346625589e-19", "9.79841275537e-13", "0.0", "2.80204974894e-31", "0.0", "0.0"], ["1.30413114368e-19", "4.31452857456e-13", "0.0", "1.27159502374e-31", "0.0", "0.0"], ["7.37845114289e-20", "1.86097014535e-13", "0.0", "5.69443607078e-32", "0.0", "0.0"], ["4.13449310432e-20", "7.87634611583e-14", "0.0", "2.51555731699e-32", "0.0", "0.0"], ["2.29395419487e-20", "3.27475191624e-14", "0.0", "1.09583940379e-32", "0.0", "0.0"], ["1.25991474465e-20", "1.33840040994e-14", "0.0", "4.70577469515e-33", "0.0", "0.0"], ["6.84819576603e-21", "5.37877577976e-15", "0.0", "1.991240311e-33", "0.0", "0.0"], ["3.68273391264e-21", "2.12568247898e-15", "0.0", "8.29957006955e-34", "0.0", "0.0"], ["1.95884469073e-21", "8.26004654214e-16", "0.0", "3.40605707545e-34", "0.0", "0.0"], ["1.03023674449e-21", "3.15524842803e-16", "0.0", "1.37572426103e-34", "0.0", "0.0"], ["5.35609994911e-22", "1.18443487786e-16", "0.0", "5.4664602544e-35", "0.0", "0.0"], ["2.75167600823e-22", "4.36764407584e-17", "0.0", "2.13590346453e-35", "0.0", "0.0"], ["1.39649765701e-22", "1.58144002846e-17", "0.0", "8.20268035192e-36", "0.0", "0.0"], ["6.99889377312e-23", "5.61981775223e-18", "0.0", "3.09470524894e-36", "0.0", "0.0"], ["3.46267148629e-23", "1.9590100088e-18", "0.0", "1.1464492871e-36", "0.0", "0.0"], ["1.69054396711e-23", "6.6952197741e-19", "0.0", "4.16808846067e-37", "0.0", "0.0"], ["8.14159369104e-24", "2.24214882373e-19", "0.0", "1.48638513172e-37", "0.0", "0.0"], ["3.86623489118e-24", "7.35330022222e-20", "0.0", "5.19630799464e-38", "0.0", "0.0"], ["1.80960699995e-24", "2.3602310137e-20", "0.0", "1.7798146621e-38", "0.0", "0.0"], ["8.34472131462e-25", "7.40979575079e-21", "0.0", "5.96909266706e-39", "0.0", "0.0"], ["3.78946468319e-25", "2.27379532507e-21", "0.0", "1.95894534112e-39", "0.0", "0.0"], ["1.69387553479e-25", "6.81541205821e-22", "0.0", "6.28684256192e-40", "0.0", "0.0"], ["7.44926997312e-26", "1.99396939798e-22", "0.0", "1.97171152726e-40", "0.0", "0.0"], ["3.22149096087e-26", "5.68994020811e-23", "0.0", "6.03874645147e-41", "0.0", "0.0"], ["1.36925542774e-26", "1.58242656346e-23", "0.0", "1.80477126253e-41", "0.0", "0.0"], ["5.71689530242e-27", "4.28564086771e-24", "0.0", "5.259389824e-42", "0.0", "0.0"], ["2.34335493983e-27", "1.1293256484e-24", "0.0", "1.49326912384e-42", "0.0", "0.0"], ["9.42456447501e-28", "2.89303070064e-25", "0.0", "4.12731028724e-43", "0.0", "0.0"], ["3.71673913587e-28", "7.19813653961e-26", "0.0", "1.10954141054e-43", "0.0", "0.0"], ["1.43635212156e-28", "1.73782550421e-26", "0.0", "2.89848948602e-44", "0.0", "0.0"], ["5.4358305464e-29", "4.06703089425e-27", "0.0", "7.35086938126e-45", "0.0", "0.0"], ["2.01313123134e-29", "9.21683345835e-28", "0.0", "1.80806024731e-45", "0.0", "0.0"], ["7.29055655658e-30", "2.02044408322e-28", "0.0", "4.30866986286e-46", "0.0", "0.0"], ["2.57987307332e-30", "4.27934877559e-29", "0.0", "9.93706031161e-47", "0.0", "0.0"], ["8.91325344208e-31", "8.74697268578e-30", "0.0", "2.21545748131e-47", "0.0", "0.0"], ["3.0040647347e-31", "1.72324291943e-30", "0.0", "4.76917179876e-48", "0.0", "0.0"]], "pressures": [["0.2498604279126993447844674", "0.000002914385579438856826728832", "0.7495900268948362988173718", "0.0005466308068849548966282239", "0.0"], ["0.2498577731530121929814865", "0.000002883008598768430020415902", "0.7495819684848327802346904", "0.0005573753535561733400670159", "-5.86198884792203383731057e-84"], ["0.2498550363582971979825627", "0.000002861333607142807946873305", "0.7495736930757130223715651", "0.0005684092323826359916722994", "-9.472436024305051127278186e-117"], ["0.2498522143911681592209407", "0.000002850089429336294082260344", "0.7495651934417924865455622", "0.0005797420776099565827658905", "2.386764922671351769707449e-147"], ["0.2498493039117958920566416", "0.000002850112711175259034928723", "0.7495564620735212533193945", "0.0005913839019717882847544977", "1.940829424629021784025663e-174"], ["0.2498463013586925165571756", "0.000002862362873822794730998439", "0.7495474911646988644267754", "0.0006033451137347430194334415", "6.211972443471806769082546e-214"], ["0.2498432029270540383612304", "0.000002887939294489140713532591", "0.7495382725990456845264203", "0.0006156365346058547429578619", "7.411575024466333071286363e-106"], ["0.2498400045442996444827406", "0.000002928101062644348266399459", "0.7495287979360868664433364", "0.0006282694185508695805308799", "6.034076176022889602549882e-87"], ["0.2498367018423881475762135", "0.00000298428971819398805360036", "0.7495190583963190247918355", "0.0006412554715746280696241601", "2.333543412368047870977944e-74"], ["0.2498332901264251902639734", "0.000003058155445315882232066222", "0.7495090448456114680255908", "0.0006546068725179489373133606", "3.973941424798857460603531e-172"], ["0.2498297643389933185481592", "0.000003151587274506138416268511", "0.7494987477788033734019705", "0.0006683362949287878648826597", "5.267773343137419305840622e-200"], ["0.2498261190195448274960101", "0.0000032667479379322882385348", "0.7494881573024482292043752", "0.000682456930069013845639922", "7.429061250050686599304028e-240"], ["0.2498223482580875743586356", "0.000003406114131911896336342046", "0.749477263116658458764916", "0.0006969825111219646693967454", "1.473531502499582012411188e-282"], ["0.2498184456422643472096009", "0.000003572523068161793146357042", "0.7494660544959974273733805", "0.0007119273386700520095343919", "-1.043864450913234345654282e-351"], ["0.2498144041967751320434938", "0.000003769226345878502068760401", "0.7494545202693629819904078", "0.0007273063075159505966506196", "-1.384408375016932247281223e-90"], ["0.2498102163139147413871131", "0.000003999952353853498897117445", "0.7494426487988056858277832", "0.0007431349349256592340330387", "6.85249917894201232228304e-129"], ["0.2498058736737852586334036", "0.000004268978620614893647804819", "0.7494304279572175713486925", "0.0007594293903765478282173196", "1.380084235623741059261445e-84"], ["0.2498013671524984481295707", "0.00000458121577686813141767852", "0.749417845104825850683481", "0.0007762065268988719928429747", "5.542907240061542081411727e-110"], ["0.249796686716388543383316", "0.000004942305085238198460070046", "0.749404887064421295830524", "0.0007934839141048293973292", "-3.537675059211108983709105e-89"], ["0.2497918212999129287115393", "0.000005358731835768914097242603", "0.7493915400952460928765385", "0.000811279873005244301689978", "7.791722158119879001196061e-122"], ["0.2497867586645082437391754", "0.000005837957311659169016356569", "0.7493777898654596601280525", "0.0008296135127203857942290167", "-5.093306325176769947241231e-158"], ["0.249781485235190405623758", "0.000006388572510028166768351365", "0.7493636214231012530995892", "0.0008485047691982650316427354", "1.91168279460350732090989e-188"], ["0.2497759859111137198547058", "0.000007020477371040202358387788", "0.7493490191654542319409561", "0.0008679744460610154806586238", "-3.890405912634149718996452e-279"], ["0.2497702438456309683054405", "0.000007745089942065599417812339", "0.7493339668067191016209143", "0.0008880442577078070186397292", "-3.732212671747422726513833e-315"], ["0.2497642401905958835807898", "0.000008575590701408349039532349", "0.7493184473438917802815014", "0.0009087368748109031336767017", "5.862639298609655075462304e-84"], ["0.2497579537987005138366699", "0.000009527208211896942284718487", "0.7493024430207370418873249", "0.0009300759723504152088720621", "3.299835610299485862410283e-108"], ["0.2497513608765183154106443", "0.00001061755339606122735473561", "0.7492859352897430351010546", "0.0009520862803425626337923332", "7.755483438587142760791657e-146"], ["0.2497444345795888739676935", "0.00001186701105457108980114833", "0.7492689047719301934082442", "0.0009747936374262503098800418", "7.894548011420869898972912e-177"], ["0.2497371445393022553098531", "0.00001329919882691718001325872", "0.7492513312143875173777094", "0.0009982250474833509973938511", "-1.967265017944090989369802e-85"], ["0.2497294563094665041509143", "0.00001494150566371638261142968", "0.7492331934453905677907855", "0.001022408739479178741396191", "-1.238684622718305576041601e-134"], ["0.2497213307182224058571487", "0.0000168257240972292220870331", "0.7492144693269589052379523", "0.001047374230721510957533251", "-1.042949487616994746467737e-166"], ["0.2497127231083393530701352", "0.00001898879322342453472432325", "0.7491951357046883327237701", "0.001073152393748884934603271", "7.391471675171213645042915e-257"], ["0.2497035824458139325524295", "0.00002147367241809508084809144", "0.7491751683546959902757383", "0.001099775527071927694936876", "-3.649959977100816070134827e-103"], ["0.2496938502730136433067363", "0.00002433036948508526216021476", "0.7491545419274960934883202", "0.001127277430005110852711357", "-8.624941050738545535731067e-130"], ["0.2496834594782674952345765", "0.00002761715127241307351232755", "0.7491332298886197251037478", "0.001155693481840364592847491", "-9.433061316038356065986429e-168"], ["0.2496723328486931722492734", "0.00003140196989968440141095374", "0.7491112044557785701622533", "0.00118506072562852730516693", "1.32187163309860127309045e-192"], ["0.2496603813670509662462833", "0.00003576414373667816919508782", "0.7490884365323629787404379", "0.001215417956849397444791472", "2.176245753242116695842367e-241"], ["0.24964750220639739671628", "0.00004079633928614531118733305", "0.7490648956370505351919639", "0.001246805817265928529998045", "-1.114097043283075612250266e-269"], ["0.2496335763681459742928809", "0.00004660690828583506488643465", "0.7490405498292955185107699", "0.001279266894272737072385692", "2.074563203929234441391522e-299"], ["0.2496184658997009285961031", "0.00005332264378331787404498754", "0.7490153656304526944610882", "0.001312845826063004568309137", "2.929522866817615352914227e-326"], ["0.2496020106170004619889019", "0.00006109202976190027513574412", "0.7489893079402870418978191", "0.001347589412950586977419446", "2.739771869228656064931488e-364"], ["0.2495840242450255743770106", "0.00007008907117566839714582226", "0.7489623399486036837371429", "0.001383546735194963166017093", "1.088143826313861628541713e-413"], ["0.2495642898755987805489125", "0.00008051780498010253435615219", "0.7489344230417365600947496", "0.001420769277684460829386619", "-3.829362960472300830018611e-443"], ["0.2495425546267527979562641", "0.00009261760778801131954767072", "0.7489055167036225163149975", "0.00145931106183677437588987", "1.220846386634846751080669e-480"], ["0.2495185233719311346749967", "0.000106669431800558809860891", "0.7488755784111950805407541", "0.001499228785073220589146631", "1.270880573623296231247218e-510"], ["0.2494918513909418967059408", "0.0001230031170050466527735718", "0.7488445635238407422720116", "0.001540581968212279065067154", "-1.503278069399817656132456e-542"], ["0.2494621357790608274973456", "0.0001420059431628971390952248", "0.7488124251666711301461205", "0.001583433111105175549293085", "-2.801755022844499466979802e-598"], ["0.2494289054378026362201704", "0.0001641325979978244932614699", "0.7487791141074013821402962", "0.001627847856798077704769253", "-5.631165578701674418626776e-641"], ["0.2493916094635040238913227", "0.0001899167453846132520618031", "0.748744578626665781230711", "0.001673895164445432447192301", "2.760054847670964805713094e-670"], ["0.2493496037522790448337817", "0.0002199843749433062861706588", "0.7487087643816669670922984", "0.001721647491110654740018204", "-1.092406863327283135930786e-713"], ["0.2493021356584101114668953", "0.000255069095974135891969792", "0.7486716142631527421974257", "0.001771180982463030974105629", "2.313213322101794522737907e-745"], ["0.2492483265868220391853268", "0.0002960294951275911368938505", "0.7486330682458488481115226", "0.001822575672201487053821135", "-1.404293804279153530889504e-778"], ["0.2491871524815348005426561", "0.000343868596018168726127503", "0.7485930632326588224589325", "0.001875915689788213814899695", "-7.994480615327395666729215e-815"], ["0.2491174223080287283515656", "0.0003997553230371440017451648", "0.7485515328931976170599323", "0.00193128947573645749215692", "-1.351453047742068430921102e-850"], ["0.2490377548409182648243645", "0.000465047658272786249212349", "0.7485084074975732376775556", "0.001988790003235793999300631", "5.637345468706754533765888e-908"], ["0.248946554388011168451823", "0.0005413168609201622396124012", "0.748463613746793907876361", "0.002048515004274733624362983", "-1.390119930738717433926873e-957"], ["0.2488419865425196129717207", "0.0006303716580852650590134708", "0.7484170746018145503586972", "0.002110567197580531357121995", "-2.75853834787849912635958e-1013"], ["0.2487219556957430566247713", "0.0007342806756149771008982156", "0.7483687091140741845220199", "0.002175054514567894468527046", "1.766938390725735013535849e-1037"], ["0.2485840869007993220990386", "0.0008553905197067172089452938", "0.7483184322615180346694681", "0.002242090317975746522199996", "9.955732967792180208717354e-1074"], ["0.2484257157803226002513342", "0.000996335818215728524723046", "0.7482661547956148619492404", "0.002311793605846643318734277", "5.747561976254359352353951e-1122"], ["0.2482438915139475343815468", "0.001160036188353471943788202", "0.7482117831069028953012457", "0.002384289190795953446072377", "-5.273982064170712802029775e-1168"], ["0.2480353994620159718904249", "0.001349673577759068609558213", "0.7481552191193249572194009", "0.002459707840899953065143114", "8.470353925432732158362195e-1193"], ["0.2477968115160377142802684", "0.001568641893037351674547237", "0.7480963602272252795916103", "0.002538186363699660071589659", "9.331146849370444039236241e-1243"], ["0.2475245734958822599307744", "0.001820459602026194228198264", "0.748035099293725199823506", "0.00261986760836628052294991", "5.030721333466491301222863e-1293"], ["0.2472151393143124953756663", "0.002108635597570533306666989", "0.7479713247356490050401792", "0.002704900352467885654689715", "-7.016748288914656020122427e-1320"], ["0.2468651604451665875815054", "0.002436479797757510168249598", "0.747904920728772172124722", "0.00279343902830357656784196", "-1.061308307160348276177463e-1368"], ["0.246471735520259098349067", "0.002806853672616990264953434", "0.7478357675786281855577501", "0.002885643228495632323607394", "1.235421771579478283157326e-1405"], ["0.2460327176966453784947698", "0.003221863075797764367273096", "0.7477637423173293083876733", "0.00298167691022747996060122", "-2.403982735283025650048995e-1465"], ["0.2455470662124564482709766", "0.003682506989893109437721573", "0.7476887196070485537789269", "0.003081707190601818271786793", "6.605852243666248643167349e-1504"], ["0.2450152136834493717556631", "0.004188310669037583241347408", "0.7476105730574607461311705", "0.003185902590052297017032503", "4.68535516369877883983