{"eq_pressures": [["0.249863341672", "0.749590025017", "0.00054663331074"], ["0.249857868851", "0.749573606553", "0.00056852459616"], ["0.249852093837", "0.749556281512", "0.000591624650016"], ["0.249845995879", "0.749537987636", "0.000616016485558"], ["0.24983955253", "0.74951865759", "0.000641789879521"], ["0.249832739498", "0.749498218495", "0.000669042007206"], ["0.249825530464", "0.749476591391", "0.000697878144944"], ["0.249817896888", "0.749453690664", "0.000728412447863"], ["0.249809807797", "0.749429423391", "0.000760768811975"], ["0.249801229542", "0.749403688627", "0.000795081830716"], ["0.249792125536", "0.749376376607", "0.000831497857476"], ["0.249782455953", "0.74934736786", "0.000870176187158"], ["0.249772177407", "0.749316532221", "0.000911290371573"], ["0.249761242579", "0.749283727736", "0.000955029685543"], ["0.249749599809", "0.749248799428", "0.00100160076284"], ["0.249737192644", "0.749211577932", "0.00105122942385"], ["0.24972395932", "0.74917187796", "0.00110416271982"], ["0.249709832194", "0.749129496583", "0.00116067122224"], ["0.249694737103", "0.749084211308", "0.00122105158989"], ["0.249678592637", "0.749035777912", "0.00128562945083"], ["0.249661309339", "0.748983928018", "0.00135476264223"], ["0.249642788786", "0.748928366357", "0.00142884485709"], ["0.249622922561", "0.748868767684", "0.00150830975448"], ["0.2496015911", "0.748804773301", "0.00159363559836"], ["0.249578662375", "0.748735987125", "0.00168535050011"], ["0.249553990412", "0.748661971236", "0.00178403835144"], ["0.249527413613", "0.748582240839", "0.00189034554816"], ["0.249498752845", "0.748496258535", "0.00200498862063"], ["0.249467809274", "0.748403427821", "0.00212876290598"], ["0.249434361895", "0.748303085686", "0.00226255241818"], ["0.249398164726", "0.748194494177", "0.00240734109799"], ["0.249358943586", "0.748076830759", "0.00256422565445"], ["0.249316392439", "0.747949177316", "0.00273443024485"], ["0.24927016918", "0.747810507539", "0.00291932328118"], ["0.249219890825", "0.747659672475", "0.00312043669979"], ["0.249165127978", "0.747495383934", "0.00333948808836"], ["0.249105398467", "0.747316195401", "0.00357840613148"], ["0.249040160021", "0.747120480063", "0.00383935991579"], ["0.248968801818", "0.746906405453", "0.00412479272977"], ["0.248890634724", "0.746671904172", "0.00443746110346"], ["0.248804880009", "0.746414640027", "0.0047804799644"], ["0.248710656265", "0.746131968795", "0.00515737493959"], ["0.248606964246", "0.745820892739", "0.00557214301452"], ["0.248492669257", "0.74547800777", "0.00602932297309"], ["0.248366480677", "0.745099442031", "0.00653407729166"], ["0.248226928137", "0.744680784411", "0.0070922874522"], ["0.248072333755", "0.744217001266", "0.00771066497905"], ["0.247900779776", "0.743702339328", "0.00839688089636"], ["0.247710070811", "0.743130212434", "0.00915971675499"], ["0.247497689777", "0.742493069332", "0.0100092408909"], ["0.247260746462", "0.741782239385", "0.0109570141534"], ["0.246995917506", "0.740987752517", "0.0120163299772"], ["0.246699376411", "0.740098129234", "0.013202494354"], ["0.246366712009", "0.739100136026", "0.0145331519653"], ["0.245992833644", "0.737978500932", "0.0160286654234"], ["0.245571861209", "0.736715583628", "0.0177125551627"], ["0.24509699802", "0.735290994061", "0.0196120079189"], ["0.244560384559", "0.733681153676", "0.0217584617654"], ["0.243952931227", "0.731858793681", "0.0241882750914"], ["0.243264128655", "0.729792385966", "0.0269434853783"], ["0.242481834837", "0.727445504511", "0.0300726606516"], ["0.241592039641", "0.724776118923", "0.0336318414355"], ["0.240578609235", "0.721735827705", "0.03768556306"], ["0.239423015941", "0.718269047822", "0.0423079362371"], ["0.238104063317", "0.71431218995", "0.0475837467338"], ["0.23659762213", "0.709792866391", "0.053609511479"], ["0.234876400627", "0.704629201881", "0.0604943974916"], ["0.232909782202", "0.698729346605", "0.0683608711937"], ["0.230663775031", "0.691991325093", "0.0773448998763"], ["0.228101130625", "0.684303391874", "0.0875954775011"], ["0.225181699924", "0.675545099771", "0.0992732003056"], ["0.221863103743", "0.665589311229", "0.112547585028"], ["0.218101794949", "0.654305384846", "0.127592820206"], ["0.213854577708", "0.641563733125", "0.144581689166"], ["0.209080619326", "0.627241857978", "0.163677522697"], ["0.203743938908", "0.611231816723", "0.18502424437"], ["0.197816284809", "0.593448854426", "0.208734860766"], ["0.191280226076", "0.573840678229", "0.234879095694"], ["0.184132196238", "0.552396588715", "0.263471215047"], ["0.176385161223", "0.529155483668", "0.29445935511"], ["0.168070559015", "0.504211677046", "0.327717763938"], ["0.159239193132", "0.477717579396", "0.363043227472"], ["0.149960858484", "0.449882575452", "0.400156566065"], ["0.140322623442", "0.420967870327", "0.438709506231"], ["0.130425858282", "0.391277574846", "0.478296566873"], ["0.120382253974", "0.361146761921", "0.518470984105"], ["0.110309186837", "0.330927560512", "0.558763252651"], ["0.100324836612", "0.300974509837", "0.59870065355"], ["0.0905434563493", "0.271630369048", "0.637826174603"], ["0.0810711334453", "0.243213400336", "0.675715466219"], ["0.0720022909467", "0.21600687284", "0.711990836213"], ["0.0634170767054", "0.190251230116", "0.746331693179"], ["0.0553796915278", "0.166139074584", "0.778481233889"], ["0.0479376268301", "0.14381288049", "0.80824949268"], ["0.0411217225615", "0.123365167685", "0.835513109754"], ["0.0349469178528", "0.104840753558", "0.860212328589"], ["0.0294135476455", "0.0882406429364", "0.882345809418"], ["0.0245090347077", "0.073527104123", "0.901963861169"], ["0.0202098338532", "0.0606295015597", "0.919160664587"], ["0.0164835000364", "0.0494505001092", "0.934065999854"]], "EA": -0.6, "reverse_rates": [["0.000387627292817", "2.62047988943"], ["0.000365522803909", "2.41990740736"], ["0.000344396527719", "2.23221533473"], ["0.000324219217913", "2.05675282008"], ["0.000304961956701", "1.89289138169"], ["0.000286596166148", "1.74002463599"], ["0.000269093619345", "1.59756801146"], ["0.000252426451454", "1.46495844827"], ["0.000236567170579", "1.34165408396"], ["0.000221488668464", "1.22713392565"], ["0.000207164230992", "1.12089750899"], ["0.000193567548469", "1.02246454449"], ["0.000180672725674", "0.931374551511"], ["0.000168454291651", "0.84718648048"], ["0.000156887209227", "0.769478323893"], ["0.000145946884249", "0.697846716598"], ["0.000135609174489", "0.631906525977"], ["0.000125850398229", "0.571290432636"], ["0.000116647342496", "0.515648502254"], ["0.000107977270911", "0.46464774926"], ["9.98179311632e-05", "0.41797169304"], ["9.21475620637e-05", "0.375319907402"], ["8.49449001695e-05", "0.336407564045"], ["7.81891859625e-05", "0.3009649708"], ["7.18601695586e-05", "0.26873710545"], ["6.59381159308e-05", "0.239483145913"], ["6.04038096287e-05", "0.212975997629"], ["5.52385589755e-05", "0.18900181899"], ["5.04241997246e-05", "0.167359545641"], ["4.59430981574e-05", "0.14786041453"], ["4.17781536042e-05", "0.130327488544"], ["3.79128003677e-05", "0.114595182609"], ["3.43310090292e-05", "0.1005087921"], ["3.10172871133e-05", "0.0879240244085"], ["2.79566790863e-05", "0.0767065345342"], ["2.51347656566e-05", "0.0667314654983"], ["2.25376623424e-05", "0.0578829944177"], ["2.01520172625e-05", "0.0500538850209"], ["1.79650080979e-05", "0.0431450473789"], ["1.59643381584e-05", "0.0370651055922"], ["1.41382314766e-05", "0.0317299741452"], ["1.247542683e-05", "0.0270624436058"], ["1.09651705772e-05", "0.0229917763079"], ["9.5972081698e-06", "0.0194533126213"], ["8.36177418083e-06", "0.0163880883661"], ["7.24958067464e-06", "0.0137424638942"], ["6.25180373003e-06", "0.011467765317"], ["5.36006793483e-06", "0.00951993832287"], ["4.56642869768e-06", "0.00785921499578"], ["3.86335228822e-06", "0.00644979402116"], ["3.24369363486e-06", "0.00525953464878"], ["2.70067209636e-06", "0.00425966477724"], ["2.22784569575e-06", "0.00342450353129"], ["1.81908467349e-06", "0.00273119872112"], ["1.46854567654e-06", "0.00215947959891"], ["1.17064842569e-06", "0.00169142535487"], ["9.20057229355e-07", "0.00131124980924"], ["7.11670108534e-07", "0.00100510272574"], ["5.40618320561e-07", "0.000760888024321"], ["4.0227823286e-07", "0.00056809872446"], ["2.92294872805e-07", "0.000417667308611"], ["2.06610671516e-07", "0.000301827716022"], ["1.41483643226e-07", "0.000213981161845"], ["9.34730363516e-08", "0.00014855519855"], ["5.93863151012e-08", "0.000100852150043"], ["3.62297379142e-08", "6.69044118091e-05"], ["2.12363054215e-08", "4.33705234826e-05"], ["1.19856075433e-08", "2.74856392453e-05"], ["6.53143207462e-09", "1.70384853877e-05"], ["3.44542359347e-09", "1.03350748697e-05"], ["1.7629140167e-09", "6.13343321623e-06"], ["8.76185035431e-10", "3.55874005576e-06"], ["4.23492052746e-10", "2.01594227533e-06"], ["1.99352541166e-10", "1.11237911914e-06"], ["9.1640924673e-11", "5.95829151254e-07"], ["4.13538313765e-11", "3.08245897156e-07"], ["1.84949626804e-11", "1.52912280062e-07"], ["8.32682636446e-12", "7.20069429986e-08"], ["3.85508260434e-12", "3.1760602564e-08"], ["1.87445637756e-12", "1.29133207068e-08"], ["9.6559244592e-13", "4.76281855415e-09"], ["5.19820066984e-13", "1.57499541103e-09"], ["2.8331346969e-13", "4.65106008518e-10"], ["1.51107542469e-13", "1.23056363496e-10"], ["7.69865639275e-14", "2.93686745261e-11"], ["3.69973049637e-14", "6.36446578491e-12"], ["1.66910899437e-14", "1.25825844462e-12"], ["7.06367043865e-15", "2.27526362525e-13"], ["2.80650096649e-15", "3.76658265467e-14"], ["1.04809903266e-15", "5.70672441515e-15"], ["3.68274153963e-16", "7.90346217656e-16"], ["1.21819329257e-16", "9.98553260119e-17"], ["3.79363198349e-17", "1.14782005585e-17"], ["1.11164002964e-17", "1.19632930647e-18"], ["3.06176282201e-18", "1.12596441078e-19"], ["7.91327674613e-19", "9.52371234799e-21"], ["1.91490468233e-19", "7.19915547566e-22"], ["4.3263328528e-20", "4.83276281875e-23"], ["9.0948170347e-21", "2.86043268367e-24"], ["1.77184259e-21", "1.48077066812e-25"]], "pressures": [["0.249863341770068686097187", "0.7495900253102060060831791", "0.0005466329197252899102246545"], ["0.2498578689638870958903222", "0.7495736068916612876709666", "0.0005685241444516326455597647"], ["0.2498520939682115174589476", "0.7495562819046344495731405", "0.0005916241271539809437239363"], ["0.2498459960302242705936177", "0.7495379880906726586170018", "0.000616015879102959291542731"], ["0.2498395527063393225249157", "0.7495186581190179675028703", "0.0006417891746426724120225223"], ["0.249832739703452943509031", "0.7494982191103588808958855", "0.000669041186188216579278609"], ["0.2498255307033580007854116", "0.7494765921100740023562347", "0.0006978771865679514977332461"], ["0.249817897168335617562825", "0.7494536915050068031519741", "0.0007284113266575312534790384"], ["0.2498098081256790828733704", "0.7494294243770372486681753", "0.0007607674972836729969143675"], ["0.2498012299286119744968551", "0.74940368978583587464733", "0.0007950802855521257179686802"], ["0.2497921259907253862583911", "0.749376377972176110386521", "0.0008314960370984827135924941"], ["0.2497824564906754958856693", "0.7493473694720264395406971", "0.0008701740372980569725759482"], ["0.2497721780434420002463535", "0.7493165341303259052403348", "0.0009112878262320258304024083"], ["0.2497612433339434534966798", "0.7492837300018302658348677", "0.0009550266642262454151706942"], ["0.2497496007082256734697073", "0.7492488021246769733933662", "0.00100159716709731780071181"], ["0.2497371937167737297535501", "0.7492115811503210960535406", "0.001051225132905082911776795"], ["0.249723960603730692363414", "0.7491718818111919841796144", "0.001104157585077252831628221"], ["0.2497098337349237198242935", "0.7491295012047710219037069", "0.0011606650603051594525749"], ["0.2496947389565785977839195", "0.7490842168697357023409063", "0.001221044173685607595431459"], ["0.2496785948754271808054406", "0.7490357846262815423280723", "0.001285620498291258031022173"], ["0.2496613120495512313273476", "0.7489839361486537388873931", "0.001354751801795072925019627"], ["0.2496427920777312672291002", "0.7489283762331937572352848", "0.00142883168907495889158451"], ["0.2496229265732436248359981", "0.748868779719730830507702", "0.001508293707025549439634738"], ["0.2496015960059318643149903", "0.7488047880177955493947773", "0.001593615976272574794041234"], ["0.2495786683939207728997224", "0.7487360051817623193633982", "0.001685326424316925672637987"], ["0.2495539978234852607242439", "0.7486619934704556100416094", "0.001784008706059015093544593"], ["0.2495274227722659497708408", "0.7485822683167978494790304", "0.001890308910936182160676703"], ["0.2494987642071609365932539", "0.7484962926214828099448462", "0.002004943171356259690097301"], ["0.2494678234237280249285751", "0.7484034702711839073595062", "0.002128706305087955102570511"], ["0.2494343795887036623242994", "0.7483031387661108626011102", "0.002262481645185388298672188"], ["0.2493981869411625644765916", "0.7481945608234876110894463", "0.002407252235349739428547811"], ["0.2493589716007767053460881", "0.7480769148023301987604572", "0.002564113596893134817643935"], ["0.2493164279234376580840224", "0.7479492837703128528647534", "0.002734288306249398806156107"], ["0.2492702143350266229254719", "0.7478106430050798687764157", "0.002919142659893510920923656"], ["0.2492199485631967621289437", "0.7476598456895901672253562", "0.003120205747212949343617752"], ["0.2491652021745265885063497", "0.7474956065235796477253602", "0.003339191301893691906275389"], ["0.2491054943102118550164326", "0.7473164829306354090572564", "0.003578022759152602214572816"], ["0.2490402844975691421447336", "0.7471208534927075097561298", "0.003838862009723400357908624"], ["0.2489689643971843082091259", "0.7469068931915528103860704", "0.00412414241126283238439802"], ["0.2488908483270183755286706", "0.746672544981055013414041", "0.004436606691926520911444724"], ["0.2488051623861921161172583", "0.7464154871585762001050937", "0.004779350455231546466778756"], ["0.2487110319844585511789608", "0.7461330959533755551922671", "0.005155872062165784463016173"], ["0.2486074675721170875051159", "0.7458224027163511519582266", "0.005570129711531700957359346"], ["0.2484933483656662198153175", "0.7454800450969987292208573", "0.006026606537335078114571608"], ["0.2483674038879460235586837", "0.7451022116638380005904057", "0.006530384448215956393588316"], ["0.2482281932071892520123107", "0.7446845796215676178851921", "0.007087227171243047493059763"], ["0.2480740819007897883169566", "0.744222245702369271178456", "0.007703672396840886318331415"], ["0.2479032170449549219977987", "0.7437096511348648100646418", "0.008387131820180305550853409"], ["0.2477135010424265533922009", "0.743140503127279592449141", "0.009145995830293774880698802"], ["0.2475025660255028983182381", "0.7425076980765085573304115", "0.009989735897988471452550698"], ["0.2472677522250045630646603", "0.7418032566750137643880442", "0.01092899109998173443655816"], ["0.2470060966331071861805438", "0.7410182898993214917396829", "0.01197561346757129552026415"], ["0.2467143434897470379654117", "0.7401430304692411572857131", "0.01314262604101182557171777"], ["0.2463889973051340747764555", "0.7391669919154022815395596", "0.01444401077946368984295184"], ["0.246026455233120208262623", "0.7380793656993604875610994", "0.01589417906751925080205508"], ["0.2456232834170415942802537", "0.7368698502511246855224436", "0.01750686633183368976873567"], ["0.245176748396513563539394", "0.7355302451895405943317147", "0.01929300641394579935714062"], ["0.2446857870764949673835459", "0.7340573612294848097396666", "0.02125685169402012419664747"], ["0.2441526947470162528343166", "0.7324580842410486665955987", "0.02338922101193501742762542"], ["0.2435858846083910951251154", "0.730757653825173162127045", "0.02565646156643566013696828"], ["0.2430039514982139654874274", "0.7290118544946419577724578", "0.02798419400714412491822579"], ["0.242440529110312627177949", "0.7273215873309378218727137", "0.03023788355874948514222018"], ["0.2419474620966299376763852", "0.7258423862898897514009061", "0.03221015161348028058311127"], ["0.2415909759460607799697751", "0.7247729278381822481613969", "0.03363609621575689955867491"], ["0.2414355901531723251423615", "0.7243067704595168573633827", "0.03425763938731075019210199"], ["0.241519260501583542141972", "0.7245577815047505665128586", "0.03392295799366583430721038"], ["0.2418360059242154854412625", "0.7255080177726464850334812", "0.0326559763031380705025403"], ["0.2423402955257936817044643", "0.7270208865773811522939623", "0.03063881789682523971849124"], ["0.2429682382595208501970523", "0.7289047147785625523301806", "0.02812704696191664268215592"], ["0.2436588288814021286798921", "0.7309764866442062799707084", "0.02536468447439157247099073"], ["0.2443651351326757613994051", "0.7330954053980271748505528", "0.02253945946929700844109808"], ["0.2450560790075069374551062", "0.7351682370225207064752183", "0.01977568396997233373609207"], ["0.2457135409589872776553588", "0.7371406228769617272218781", "0.01714583616405095960891992"], ["0.2463284449622447066981623", "0.7389853348867340177605922", "0.0146862201510212110819426"], ["0.2468974300484728017552698", "0.740692290145418403687086", "0.01241027980610879946058417"], ["0.2474204001640527218883302", "0.7422612004921581154247844", "0.01031839934378914690507651"], ["0.2478986868081114950157365", "0.7436960604243344846233273", "0.008405252767554062714333391"], ["0.2483334266623728548138209", "0.7450002799871186067976815", "0.006666293350508587303077578"], ["0.2487239158692541732637641", "0.7461717476077625208960082", "0.005104336522983288886887068"], ["0.2490662793567606821851911", "0.747198838070281957737156", "0.00373488257295734155353542"], ["0.2493537564002944363646198", "0.7480612692008832633352177", "0.002584974398822282083182942"], ["0.249580017153076394259999", "0.7487400514592290042944228", "0.001679931387694503323462506"], ["0.2497442673649603461141369", "0.7492328020948810383424103", "0.00102293054015858901905249"], ["0.2498537015908450373463934", "0.7495611047725350259277512", "0.0005851936366198937157284651"], ["0.2499209677021717756671842", "0.7497629031065152846933481", "0.0003161291913129490570259808"], ["0.249959481069545785772306", "0.749878443208637274097576", "0.0001620757218168520540451364"], ["0.2499802103636609105278396", "0.7499406310909827315767335", "0.00007915854535638229020681052"], ["0.2499907701053921638574659", "0.7499723103161763711992531", "0.00003691957843138490823458771"], ["0.2499958835054009379661279", "0.7499876505162026563509076", "0.00001646597839634015135459647"], ["0.2499982433128456916884724", "0.7499947299385371137148306", "0.000007026748617216698752104784"], ["0.2499992826671741716241477", "0.7499978480015224011377837", "0.000002869331303362006901286587"], ["0.2499997198205299035871418", "0.7499991594615896239848339", "0.000001120717880354225134947847"], ["0.249999895407729352271203", "0.7499996862231879418245533", "0.0000004183690826482361582771492"], ["0.2499999627260366327454987", "0.7499998881781097546322896", "0.0000001490958535093040286364994"], ["0.2499999873384290463702234", "0.7499999620152869992576332", "5.064628389870320963922918e-8"], ["0.2499999959081878897306257", "0.749999987724563600861825", "1.636724848022915868751756e-8"], ["0.2499999987448576728558046", "0.749999996234572884611804", "5.020569354147855273820657e-9"], ["0.249999999635539546465716", "0.749999998906618573877011", "1.457841794880481219845341e-9"], ["0.2499999999001289819979885", "0.7499999997003868819648694", "3.99484110250457867293294e-10"], ["0.2499999999742650739058391", "0.7499999999227950966059781", "1.02939759508458197391415e-10"]], "Concs": [["0.000003044984737014850295316102", "0.00000913495421104455024970561", "6.661597037492124112160669e-9", "0.000005199403225438738929343367"], ["0.000003066601080051814743729604", "0.000009199803240155444231188812", "6.977714020537396518074469e-9", "0.000005462193829672494328632847"], ["0.000003088523758095430691400058", "0.000009265571274286290803401631", "7.313307419428796597133021e-9", "0.000005742245490027983290482768"], ["0.000003110759151597611213846779", "0.000009332277454792831734542188", "7.669832872635522165647502e-9", "0.000006040925983173730311816153"], ["0.000003133313805515447324878394", "0.000009399941416546341973733753", "8.048873204243554990500283e-9", "0.000006359728757189794713822842"], ["0.000003156194433334678785235217", "0.000009468583300004036992026186", "8.452151107278173713595251e-9", "0.000006700285962822093796180816"], ["0.000003179407921057148090843411", "0.000009538223763171444272530234", "8.881543246009795892716812e-9", "0.000007064382977266588636051391"], ["0.000003202961331124901723837096", "0.000009608883993374704536394672", "9.339095953022770944424141e-9", "0.000007453974605594632187687548"], ["0.000003226861906248609716779228", "0.000009680585718745829150958541", "9.827042720683422265972202e-9", "0.000007871203169258225973857523"], ["0.000003251117073102220020554175", "0.0000097533512193066594259768", "1.034782371401539928150032e-8", "0.000008318418718731273148647427"], ["0.000003275734445839011696642348", "0.000009827203337517034455365908", "1.090410756343562234158338e-8", "0.000008798201638685392873221111"], ["0.000003300721829376405284585094", "0.000009902165488129215217927773", "1.1498815731974818213134e-8", "0.000009313387949650785371129682"], ["0.000003326087222387755028909385", "0.000009978261667163263815020898", "1.213514979326752228894002e-8", "0.00000986709765040957278524479"], ["0.000003351838819928740664995521", "0.00001005551645978622072469789", "1.281662200464206156285078e-8", "0.00001046276649099802363469417"], ["0.000003377985015613574326048603", "0.00001013395504684072234223481", "1.354708961512390097139524e-8", "0.00001110418161779238631801434"], ["0.00000340453440324181339206222", "0.00001021360320972543890554368", "1.433079341232071178698491e-8", "0.00001179552159040123085180279"], ["0.000003431495777759689948534025", "0.00001029448733327906856890269", "1.517240108643914070857681e-8", "0.00001254140133569923981254446"], ["0.000003458878135420178136672897", "0.00001037663440626053250446696", "1.607705607580238414355033e-8", "0.00001334692267803994056934157"], ["0.000003486690672982993487047043", "0.0000104600720189489791902826", "1.705043265821547016328396e-8", "0.0000142177311671906186426894"], ["0.000003514942785768761177095368", "0.00001054482835730628353004374", "1.809879816874136000401818e-8", "0.00001516008001748999098280011"], ["0.000003543644064350047040017724", "0.00001063093219305014175743097", "1.922908335972301874148397e-8", "0.00001618090207366334415920775"], ["0.000003572804289624970701915064", "0.00001071841286887491146956278", "2.044896207654007402009113e-8", "0.00001728789083093876539713886"], ["0.000003602433425975730451720389", "0.00001080730027792719072017092", "2.176694160655710053762034e-8", "0.00001848959165953383489985426"], ["0.000003632541612163466975651329", "0.00001089762483649040029315239", "2.319246527366380149506148e-8", "0.00001979550451562205601738006"], ["0.000003663139149551061584905117", "0.00001098941744865318476446447", "2.473602910223160163195049e-8", "0.00002121619956112655034031195"], ["0.000003694236487175124461781469", "0.00001108270946152537083722625", "2.640931466873525461019222e-8", "0.00002276344726054886025294633"], ["0.000003725844203105678043596266", "0.00001117753260931703413327503", "2.822534060442107354569997e-8", "0.00002445036467028977732352253"], ["0.000003757972981434592530482899", "0.00001127391894430377759393522", "3.019863561733970244675332e-8", "0.00002629157977801357131711268"], ["0.000003790633584119070230545827", "0.00001137190075235720814761621", "3.234543637752733491604078e-8", "0.00002830341587680856154959225"], ["0.000003823836816771264858907961", "0.00001147151045031379267010049", "3.468391416770405259294688e-8", "0.0000305040980570991942034595"], ["0.000003857593487325788499700932", "0.00001157278046197736422549484", "3.723443485828700006185073e-8", "0.00003291398394843092311579391"], ["0.000003891914356329207867724763", "0.00001167574306898762489427558", "4.001985753688531464560528e-8", "0.0000355558208153843738843258"], ["0.000003926810077374728544576452", "0.000011780430232124183721842", "4.306587802840349398548754e-8", "0.00003845503096834836527339349"], ["0.00000396229112594563684760013", "0.00001188687337783691054280039", "4.64014246047050292395461e-8", "0.00004164002713803135050763556"], ["0.000003998367714626569922184851", "0.00001199510314387970785478386", "5.005911442713003876426747e-8", "0.00004514255891132468184315795"], ["0.000004035049692285732285105965", "0.00001210514907685719494773456", "5.407578071737189760083385e-8", "0.00004899809044046244597140855"], ["0.000004072346424417322476865401", "0.00001221703927325196488045722", "5.849308233873659422787367e-8", "0.00005324620829164668912173604"], ["0.000004110266651355772864678219", "0.00001233079995406731996921517", "6.335820941401433373638243e-8", "0.00005793105632872566521918879"], ["0.000004148818320528433614383216", "0.00001244645496158529893943274", "6.872470082262613286602508e-8", "0.00006310179171861555198249666"], ["0.000004188008388302306130475081", "0.00001256402516490691648711592", "7.465339190364036169875716e-8", "0.00006881305222426508986991432"], ["0.000004227842586313951030777226", "0.00001268352775894185057323751", "8.121351340042889482864369e-8", "0.00007512541957160553490418502"], ["0.000004268325146477779453196542", "0.00001280497543943333667182053", "8.848396550555759746237615e-8", "0.00008210585640642884244946112"], ["0.000004309458478205783241563893", "0.00001292837543461734780825157", "9.655479356469037643802921e-8", "0.00008982808466302912909916153"], ["0.000004351242790855617207749153", "0.00001305372837256685284504093", "0.0000001055288941187843826068421", "0.00009837286040351291114150112"], ["0.00000439367565426553023898948", "0.00001318102696279658947713749", "0.0000001155239806591754177663866", "0.0001078280835845850065503299"], ["0.000004436751490815819498385183", "0.00001331025447244745602587545", "0.0000001266748362121675263098662", "0.0001182886598577122472564673"], ["0.000004480460994460195331402539", "0.00001344138298338058430058594", "0.0000001391358719285675855170189", "0.0001298560043366502905007006"], ["0.000004524790476810299291315966", "0.00001357437143043089867834711", "0.0000001530839923744216646976122", "0.000142637042986761668399999"], ["0.000004569721149790795336888266", "0.00001370916344937238476125525", "0.0000001687217305706466410915974", "0.0001567425242821014523285419"], ["0.000004615228372455765703233298", "0.00001384568511736729454339281", "0.0000001862805436327701605342266", "0.0001722843998183925380066134"], ["0.000004661280923140035965845363", "0.00001398384276942010931503048", "0.0000002060240256366133434690403", "0.0001893719643067989220708603"], ["0.00000470784041951432403791308", "0.00001412352125854297084052001", "0.0000002282505488714949526971345", "0.0002081063573262677700922904"], ["0.000004754861120330382657249704", "0.00001426458336099114880798319", "0.0000002532943999019893565759389", "0.0002285729121757187065874656"], ["0.000004802290542772177579492812", "0.00001440687162831653385354433", "0.0000002815236764814436916444444", "0.0002508306761206775565601952"], ["0.000004850071686466792087382768", "0.00001455021505940037355691212", "0.0000003133317829660404085357431", "0.0002748981992026734965940849"], ["0.000004898148282946812809502211", "0.00001469444484884043648781297", "0.0000003491168510985756451086309", "0.0003007343711640592365533792"], ["0.000004946475559694808674669347", "0.00001483942667908442408141495", "0.0000003892391318661241327927962", "0.0003282126771092503892977769"], ["0.000004995040722000400920378701", "0.00001498512216600120087464907", "0.0000004339395479475051609275031", "0.0003570868520195669152442666"], ["0.000005043899741886909633593479", "0.00001513169922566072700208558", "0.0000004831930523940147650175426", "0.0003869459993872956040575839"], ["0.00000509323922947151241130075", "0.00001527971768841453465685192", "0.0000005364616950184999876584497", "0.0004171591363996544641188484"], ["0.000005143470468264815676490314", "0.00001543041140479444832717444", "0.0000005923190736879722843177596", "0.0004468158981628213453001643"], ["0.000005195347469568778552035416", "0.00001558604240870633437760583", "0.0000006479787534228003248594061", "0.0004746866717826748154112039"], ["0.00000525005737902317264084676", "0.00001575017213706951658525886", "0.0000006989333249970996330885018", "0.0004992533924064215516182205"], ["0.000005309163919787262859578689", "0.00001592749175936178656249854", "0.0000007391813693863312437202818", "0.0005188825460183600142639123"], ["0.00000537427362291656007953879", "0.00001612282086874967761055876", "0.0000007625633305587133717365719", "0.0005321681549900438476319496"], ["0.000005446478063856441943842384", "0.00001633943419156932448043345", "0.0000007649934261553980878603437", "0.0005383271619449828646061073"], ["0.000005525922753037688008651743", "0.00001657776825911306468196817", "0.0000007461850099059256567224184", "0.0005374045973190887869376967"], ["0.000005611845170399315245231189", "0.00001683553551119794821766116", "0.0000007094994328862746822432805", "0.000530149457816378101041623"], ["0.000005703010303825995297440507", "0.00001710903091147798593314031", "0.0000006602049707775849905303972", "0.0005176801596164365691501399"], ["0.000005798183606893743692574473", "0.00001739455082068122855367225", "0.0000006035861634426286405224208", "0.000501165929011383061260244"], ["0.000005896400972240874117964151", "0.00001768920291672261971539141", "0.0000005438651903283540384040132", "0.000481649609647965707619555"], ["0.000005997031522417990638166927", "0.00001799109456725396932314997", "0.0000004839520840520232090214646", "0.0004600107264458379215440739"], ["0.000006099729721124686093541222", "0.00001829918916337405565557082", "0.0000004256377814393740781524728", "0.0004370196204504927520124689"], ["0.000006204357615935832434969112", "0.00001861307284780749472738901", "0.0000003699067797763456880994389", "0.0004134426174746190647816102"], ["0.00000631091515266021839954243", "0.00001893274545798065515827373", "0.0000003172176513208286996832901", "0.0003901813937468449425935902"], ["0.000006419486984241426495197312", "0.00001925846095272427818207634", "0.0000002677177396921995150477609", "0.0003684449916873601215089335"], ["0.000006530200543813734438402331", "0.000019590601631441203304041", "0.0000002214129768104017503880309", "0.0003499493974849240133862809"], ["0.000006643185964528066222231377", "0.00001992955789358419979976849", "0.0000001783305091735984640160528", "0.0003371011194911688649333651"], ["0.000006758531573476976748779429", "0.00002027559472043093027635654", "0.0000001386992458351636579138849", "0.0003330257680097888964914452"], ["0.000006876243805987669754975136", "0.00002062873141796300681281871", "0.0000001031129674587644934854166", "0.0003411712316615130751654675"], ["0.000006996248552169973227183123", "0.00002098874565650991839767527", "7.252797654318987871807002e-8", "0.0003642406294459415159987806"], ["0.000007118479085938872534869567", "0.00002135543725781661251387331", "4.79147192372415667600719e-8", "0.0004027392797722045443352931"], ["0.000007243024732107219641224874", "0.00002172907419632165892367461", "2.966679187382209291061883e-8", "0.000454224518699829220183329"], ["0.000007370216585431426957554668", "0.00002211064975629427833253801", "1.726211706628126397904233e-8", "0.0005141106818662756264675842"], ["0.000007500572465716730440996838", "0.0000225017173971501900532461", "9.487598938864853688156799e-9", "0.0005773769595479819694361408"], ["0.000007634670341194229714228263", "0.00002290401102358268660086385", "4.950381162131188711910966e-9", "0.000639860042626987691951158"], ["0.00000777305380980003547018493", "0.0000233191614294001064103438", "2.461409371828025482756426e-9", "0.0006986707483175439381284346"], ["0.000007916200206517607213271716", "0.00002374860061955281782808277", "1.169094260079517470648403e-9", "0.0007520697221358938771673725"], ["0.000008064529332879438300176775", "0.00002419358799863830981826168", "5.311702093245686053469377e-10", "0.0007991910223443274449991733"], ["0.000008218426269611158999504751", "0.0000246552788088334782690726", "2.309968848597916871063093e-10", "0.0008397876267363224633663538"], ["0.000008378263834670446894260165", "0.00002513479150401133687117362", "9.616033467044128416655963e-11", "0.0008740336675172848280682852"], ["0.000008544419984760766803823981", "0.00002563325995428229744564605", "3.830357994421639507138285e-11", "0.0009023748898013220471193229"], ["0.000008717290095472547226664849", "0.00002615187028641763767042104", "1.458818474493108672959478e-11", "0.0009254153223605114193178874"], ["0.000008897295531595894152517801", "0.00002669188659478767734679638", "5.306200275963685815059272e-12", "0.0009438323707277673247293285"], ["0.000009084890006484905856768501", "0.00002725467001945471248810741", "1.840463767040355037055186e-12", "0.0009583153779792953249497035"], ["0.000009280564878599550828507199", "0.00002784169463579864994895562", "6.075892555642707155240215e-13", "0.0009695236788990942079904336"], ["0.000009484854150215476980093208", "0.00002845456245064642585808192", "1.90477473256841043929661e-13", "0.0009780603928704758192695269"], ["0.000009698339647956150722580214", "0.00002909501894386844962599447", "5.655457960139534742965166e-14", "0.0009844583711644277543164974"], ["0.000009921656689824223449544213", "0.0000297649700694726678075338", "1.585417678611322284377961e-14", "0.0009891750559521862227665463"], ["0.00001015550045320200652493348", "0.00003046650135960601449251925", "4.181619097793065769886024e-15", "0.0009925934968142445170187056"]], "net_rates": [["5.54829798225e-10", "1.10965959645e-09"], ["5.81145772975e-10", "1.16229154595e-09"], ["6.09081937383e-10", "1.21816387477e-09"], ["6.38759253543e-10", "1.27751850709e-09"], ["6.70309236475e-10", "1.34061847295e-09"], ["7.03875004239e-10", "1.40775000848e-09"], ["7.39612445182e-10", "1.47922489036e-09"], ["7.77691516776e-10", "1.55538303355e-09"], ["8.18297692436e-10", "1.63659538487e-09"], ["8.61633574966e-10", "1.72326714993e-09"], ["9.07920697824e-10", "1.81584139565e-09"], ["9.57401538369e-10", "1.91480307674e-09"], ["1.01034177062e-09", "2.02068354123e-09"], ["1.06703278896e-09", "2.13406557791e-09"], ["1.12779453878e-09", "2.25558907756e-09"], ["1.19297869517e-09", "2.38595739035e-09"], ["1.26297223683e-09", "2.52594447366e-09"], ["1.33820146929e-09", "2.67640293859e-09"], ["1.41913655976e-09", "2.83827311951e-09"], ["1.50629665487e-09", "3.01259330974e-09"], ["1.60025566407e-09", "3.20051132813e-09"], ["1.70164880331e-09", "3.40329760662e-09"], ["1.81118000914e-09", "3.62236001827e-09"], ["1.92963034972e-09", "3.85926069944e-09"], ["2.05786757991e-09", "4.11573515982e-09"], ["2.19685701036e-09", "4.39371402072e-09"], ["2.34767388816e-09", "4.69534777633e-09"], ["2.51151751821e-09", "5.02303503643e-09"], ["2.6897273918e-09", "5.37945478361e-09"], ["2.88380163238e-09", "5.76760326476e-09"], ["3.09541811934e-09", "6.19083623867e-09"], ["3.32645871007e-09", "6.65291742013e-09"], ["3.57903704988e-09", "7.15807409976e-09"], ["3.85553054005e-09", "7.7110610801e-09"], ["4.15861712786e-09", "8.31723425573e-09"], ["4.49131769081e-09", "8.98263538163e-09"], ["4.85704491099e-09", "9.71408982199e-09"], ["5.25965967678e-09", "1.05193193536e-08"], ["5.70353620632e-09", "1.14070724126e-08"], ["6.19363725946e-09", "1.23872745189e-08"], ["6.73560098573e-09", "1.34712019715e-08"], ["7.33584113378e-09", "1.46716822676e-08"], ["8.00166249903e-09", "1.60033249981e-08"], ["8.74139357026e-09", "1.74827871405e-08"], ["9.56453827625e-09", "1.91290765525e-08"], ["1.04819484015e-08", "2.0963896803e-08"], ["1.15060174054e-08", "2.30120348107e-08"], ["1.26508946435e-08", "2.5301789287e-08"], ["1.39327156549e-08", "2.78654313099e-08"], ["1.53698380135e-08", "3.0739676027e-08"], ["1.69830610797e-08", "3.39661221593e-08"], ["1.87957879809e-08", "3.75915759619e-08"], ["2.08340524976e-08", "4.16681049952e-08"], ["2.31262702763e-08", "4.62525405526e-08"], ["2.57024623744e-08", "5.14049247488e-08"], ["2.85925057486e-08", "5.71850114973e-08"], ["3.1822639926e-08", "6.3645279852e-08"], ["3.5408946276e-08", "7.0817892552e-08"], ["3.93458196283e-08", "7.86916392566e-08"], ["4.35868567369e-08", "8.71737134737e-08"], ["4.80162273847e-08", "9.60324547694e-08"], ["5.24133603643e-08", "1.04826720729e-07"], ["5.64269239735e-08", "1.12853847947e-07"], ["5.95939399508e-08", "1.19187879902e-07"], ["6.14420834744e-08", "1.22884166949e-07"], ["6.1657835999e-08", "1.23315671998e-07"], ["6.02156822657e-08", "1.20431364531e-07"], ["5.73672868844e-08", "1.14734573769e-07"], ["5.35119478285e-08", "1.07023895657e-07"], ["4.9054592688e-08", "9.8109185376e-08"], ["4.43230809083e-08", "8.86461618167e-08"], ["3.95472661014e-08", "7.90945322027e-08"], ["3.48719071138e-08", "6.97438142277e-08"], ["3.03794063319e-08", "6.07588126638e-08"], ["2.61107624093e-08", "5.22215248186e-08"], ["2.20819611476e-08", "4.41639222952e-08"], ["1.82972880697e-08", "3.65945761394e-08"], ["1.47624648432e-08", "2.95249296865e-08"], ["1.14995727968e-08", "2.29991455937e-08"], ["8.56077380334e-09", "1.71215476067e-08"], ["6.02841474748e-09", "1.2056829495e-08"], ["3.98619673276e-09", "7.97239346552e-09"], ["2.46970631813e-09", "4.93941263627e-09"], ["1.4376684411e-09", "2.8753368822e-09"], ["7.90383381646e-10", "1.58076676329e-09"], ["4.12464912962e-10", "8.24929825925e-10"], ["2.05101212139e-10", "4.10202424277e-10"], ["9.74209249338e-11", "1.94841849868e-10"], ["4.42634552693e-11", "8.85269105386e-11"], ["1.92496051428e-11", "3.84992102857e-11"], ["8.01333822961e-12", "1.60266764592e-11"], ["3.19196141805e-12", "6.38392283614e-12"], ["1.21568155348e-12", "2.43136310693e-12"], ["4.42183290403e-13", "8.84366580805e-13"], ["1.53371972818e-13", "3.06743945635e-13"], ["5.06324371349e-14", "1.0126487427e-13"], ["1.5873122692e-14", "3.1746245383e-14"], ["4.71288162662e-15", "9.42576325312e-15"], ["1.32118139832e-15", "2.64236279659e-15"], ["3.48468258119e-16", "6.96936516227e-16"]], "T": [1000.0, 992.929292929293, 985.8585858585859, 978.7878787878788, 971.7171717171717, 964.6464646464647, 957.5757575757576, 950.5050505050505, 943.4343434343434, 936.3636363636364, 929.2929292929293, 922.2222222222222, 915.1515151515151, 908.0808080808081, 901.010101010101, 893.939393939394, 886.8686868686868, 879.7979797979798, 872.7272727272727, 865.6565656565656, 858.5858585858585, 851.5151515151515, 844.4444444444445, 837.3737373737374, 830.3030303030303, 823.2323232323232, 816.1616161616162, 809.0909090909091, 802.0202020202021, 794.9494949494949, 787.8787878787879, 780.8080808080808, 773.7373737373737, 766.6666666666666, 759.5959595959596, 752.5252525252525, 745.4545454545455, 738.3838383838383, 731.3131313131313, 724.2424242424242, 717.1717171717171, 710.1010101010102, 703.030303030303, 695.959595959596, 688.8888888888889, 681.8181818181818, 674.7474747474747, 667.6767676767677, 660.6060606060606, 653.5353535353536, 646.4646464646464, 639.3939393939394, 632.3232323232323, 625.2525252525252, 618.1818181818182, 611.1111111111111, 604.040404040404, 596.969696969697, 589.8989898989898, 582.8282828282828, 575.7575757575758, 568.6868686868686, 561.6161616161617, 554.5454545454545, 547.4747474747475, 540.4040404040404, 533.3333333333333, 526.2626262626263, 519.1919191919192, 512.1212121212121, 505.050505050505, 497.979797979798, 490.9090909090909, 483.83838383838383, 476.7676767676768, 469.69696969696963, 462.6262626262626, 455.55555555555554, 448.4848484848485, 441.41414141414134, 434.3434343434343, 427.27272727272725, 420.2020202020202, 413.13131313131316, 406.060606060606, 398.98989898989896, 391.9191919191919, 384.8484848484849, 377.7777777777777, 370.70707070707067, 363.6363