{"eq_pressures": [["0.249863341672", "0.749590025017", "0.00054663331074"], ["0.249857868851", "0.749573606553", "0.00056852459616"], ["0.249852093837", "0.749556281512", "0.000591624650016"], ["0.249845995879", "0.749537987636", "0.000616016485558"], ["0.24983955253", "0.74951865759", "0.000641789879521"], ["0.249832739498", "0.749498218495", "0.000669042007206"], ["0.249825530464", "0.749476591391", "0.000697878144944"], ["0.249817896888", "0.749453690664", "0.000728412447863"], ["0.249809807797", "0.749429423391", "0.000760768811975"], ["0.249801229542", "0.749403688627", "0.000795081830716"], ["0.249792125536", "0.749376376607", "0.000831497857476"], ["0.249782455953", "0.74934736786", "0.000870176187158"], ["0.249772177407", "0.749316532221", "0.000911290371573"], ["0.249761242579", "0.749283727736", "0.000955029685543"], ["0.249749599809", "0.749248799428", "0.00100160076284"], ["0.249737192644", "0.749211577932", "0.00105122942385"], ["0.24972395932", "0.74917187796", "0.00110416271982"], ["0.249709832194", "0.749129496583", "0.00116067122224"], ["0.249694737103", "0.749084211308", "0.00122105158989"], ["0.249678592637", "0.749035777912", "0.00128562945083"], ["0.249661309339", "0.748983928018", "0.00135476264223"], ["0.249642788786", "0.748928366357", "0.00142884485709"], ["0.249622922561", "0.748868767684", "0.00150830975448"], ["0.2496015911", "0.748804773301", "0.00159363559836"], ["0.249578662375", "0.748735987125", "0.00168535050011"], ["0.249553990412", "0.748661971236", "0.00178403835144"], ["0.249527413613", "0.748582240839", "0.00189034554816"], ["0.249498752845", "0.748496258535", "0.00200498862063"], ["0.249467809274", "0.748403427821", "0.00212876290598"], ["0.249434361895", "0.748303085686", "0.00226255241818"], ["0.249398164726", "0.748194494177", "0.00240734109799"], ["0.249358943586", "0.748076830759", "0.00256422565445"], ["0.249316392439", "0.747949177316", "0.00273443024485"], ["0.24927016918", "0.747810507539", "0.00291932328118"], ["0.249219890825", "0.747659672475", "0.00312043669979"], ["0.249165127978", "0.747495383934", "0.00333948808836"], ["0.249105398467", "0.747316195401", "0.00357840613148"], ["0.249040160021", "0.747120480063", "0.00383935991579"], ["0.248968801818", "0.746906405453", "0.00412479272977"], ["0.248890634724", "0.746671904172", "0.00443746110346"], ["0.248804880009", "0.746414640027", "0.0047804799644"], ["0.248710656265", "0.746131968795", "0.00515737493959"], ["0.248606964246", "0.745820892739", "0.00557214301452"], ["0.248492669257", "0.74547800777", "0.00602932297309"], ["0.248366480677", "0.745099442031", "0.00653407729166"], ["0.248226928137", "0.744680784411", "0.0070922874522"], ["0.248072333755", "0.744217001266", "0.00771066497905"], ["0.247900779776", "0.743702339328", "0.00839688089636"], ["0.247710070811", "0.743130212434", "0.00915971675499"], ["0.247497689777", "0.742493069332", "0.0100092408909"], ["0.247260746462", "0.741782239385", "0.0109570141534"], ["0.246995917506", "0.740987752517", "0.0120163299772"], ["0.246699376411", "0.740098129234", "0.013202494354"], ["0.246366712009", "0.739100136026", "0.0145331519653"], ["0.245992833644", "0.737978500932", "0.0160286654234"], ["0.245571861209", "0.736715583628", "0.0177125551627"], ["0.24509699802", "0.735290994061", "0.0196120079189"], ["0.244560384559", "0.733681153676", "0.0217584617654"], ["0.243952931227", "0.731858793681", "0.0241882750914"], ["0.243264128655", "0.729792385966", "0.0269434853783"], ["0.242481834837", "0.727445504511", "0.0300726606516"], ["0.241592039641", "0.724776118923", "0.0336318414355"], ["0.240578609235", "0.721735827705", "0.03768556306"], ["0.239423015941", "0.718269047822", "0.0423079362371"], ["0.238104063317", "0.71431218995", "0.0475837467338"], ["0.23659762213", "0.709792866391", "0.053609511479"], ["0.234876400627", "0.704629201881", "0.0604943974916"], ["0.232909782202", "0.698729346605", "0.0683608711937"], ["0.230663775031", "0.691991325093", "0.0773448998763"], ["0.228101130625", "0.684303391874", "0.0875954775011"], ["0.225181699924", "0.675545099771", "0.0992732003056"], ["0.221863103743", "0.665589311229", "0.112547585028"], ["0.218101794949", "0.654305384846", "0.127592820206"], ["0.213854577708", "0.641563733125", "0.144581689166"], ["0.209080619326", "0.627241857978", "0.163677522697"], ["0.203743938908", "0.611231816723", "0.18502424437"], ["0.197816284809", "0.593448854426", "0.208734860766"], ["0.191280226076", "0.573840678229", "0.234879095694"], ["0.184132196238", "0.552396588715", "0.263471215047"], ["0.176385161223", "0.529155483668", "0.29445935511"], ["0.168070559015", "0.504211677046", "0.327717763938"], ["0.159239193132", "0.477717579396", "0.363043227472"], ["0.149960858484", "0.449882575452", "0.400156566065"], ["0.140322623442", "0.420967870327", "0.438709506231"], ["0.130425858282", "0.391277574846", "0.478296566873"], ["0.120382253974", "0.361146761921", "0.518470984105"], ["0.110309186837", "0.330927560512", "0.558763252651"], ["0.100324836612", "0.300974509837", "0.59870065355"], ["0.0905434563493", "0.271630369048", "0.637826174603"], ["0.0810711334453", "0.243213400336", "0.675715466219"], ["0.0720022909467", "0.21600687284", "0.711990836213"], ["0.0634170767054", "0.190251230116", "0.746331693179"], ["0.0553796915278", "0.166139074584", "0.778481233889"], ["0.0479376268301", "0.14381288049", "0.80824949268"], ["0.0411217225615", "0.123365167685", "0.835513109754"], ["0.0349469178528", "0.104840753558", "0.860212328589"], ["0.0294135476455", "0.0882406429364", "0.882345809418"], ["0.0245090347077", "0.073527104123", "0.901963861169"], ["0.0202098338532", "0.0606295015597", "0.919160664587"], ["0.0164835000364", "0.0494505001092", "0.934065999854"]], "EA": -1.2, "reverse_rates": [["0.0119890116991", "28.2379264718"], ["0.0100515431177", "24.7042107061"], ["0.00838591195492", "21.5461633493"], ["0.00696215799111", "18.73387966"], ["0.00575203976705", "16.2383713861"], ["0.00472925716441", "14.0317634509"], ["0.0038695945844", "12.0874553308"], ["0.00315099266916", "10.3802471094"], ["0.00255355806804", "8.88643127583"], ["0.00205952155578", "7.58385222887"], ["0.00165315495882", "6.45193613593"], ["0.00132065696447", "5.47169428435"], ["0.00105001710651", "4.62570335685"], ["0.000830866171372", "3.89806618972"], ["0.000654320068159", "3.27435655283"], ["0.000512822952716", "2.74155135445"], ["0.000399994170199", "2.28795344831"], ["0.000310482438338", "1.90310793261"], ["0.000239829673612", "1.57771450362"], ["0.000184345985042", "1.30353808161"], ["0.000140996632667", "1.07331958013"], ["0.000107301166525", "0.880688354765"], ["8.12445167512e-05", "0.720077553146"], ["6.11994809673e-05", "0.586643301601"], ["4.58598343968e-05", "0.476188408688"], ["3.41831530064e-05", "0.385091043443"], ["2.5342373342e-05", "0.310238656898"], ["1.868509878e-05", "0.248967257756"], ["1.36996868136e-05", "0.199006024806"], ["9.98720401005e-06", "0.158427137244"], ["7.23840476812e-06", "0.125600626302"], ["5.21496934875e-06", "0.099153994598"], ["3.73431997371e-06", "0.0779363101373"], ["2.65741676386e-06", "0.060986457323"], ["1.87901487742e-06", "0.0475052147371"], ["1.319938404e-06", "0.0368308266829"], ["9.20994186653e-07", "0.0284177402994"], ["6.38209217441e-07", "0.0218181906941"], ["4.39128477019e-07", "0.0166663314232"], ["2.99956280229e-07", "0.0126646254546"], ["2.03363779171e-07", "0.00957223136823"], ["1.36818820539e-07", "0.00719514006863"], ["9.1322480577e-08", "0.00537783807753"], ["6.0459952226e-08", "0.00399629443078"], ["3.96926650998e-08", "0.00295209007869"], ["2.58341748437e-08", "0.00216753239683"], ["1.66650099885e-08", "0.00158162037252"], ["1.0651800154e-08", "0.00114673954802"], ["6.74405896497e-09", "0.000825966380237"], ["4.22833472894e-09", "0.000590865761106"], ["2.62439759419e-09", "0.00041968878291"], ["1.61197513736e-09", "0.00029590729976"], ["9.79501039945e-10", "0.00020703758277"], ["5.88588371494e-10", "0.000143708374389"], ["3.49633982878e-10", "9.89297492412e-05"], ["2.0522865113e-10", "6.75232825965e-05"], ["1.18988167599e-10", "4.56801868634e-05"], ["6.81116515636e-11", "3.06203739084e-05"], ["3.84762018069e-11", "2.03308472272e-05"], ["2.14391602246e-11", "1.33662346859e-05"], ["1.17774033345e-11", "8.69777695426e-06"], ["6.37511573915e-12", "5.59988236507e-06"], ["3.39846144834e-12", "3.56560633154e-06"], ["1.78311394772e-12", "2.24422962562e-06"], ["9.20263048705e-13", "1.39557894758e-06"], ["4.66875145099e-13", "8.56918278979e-07"], ["2.32675317331e-13", "5.19190098655e-07"], ["1.138281669e-13", "3.10142376439e-07"], ["5.46224533561e-14", "1.82474604992e-07"], ["2.5690277171e-14", "1.05603105048e-07"], ["1.18325203854e-14", "6.00071852362e-08"], ["5.33225202948e-15", "3.33943570438e-08"], ["2.34888020683e-15", "1.81321951515e-08"], ["1.01040598193e-15", "9.55107988576e-09"], ["4.23992587908e-16", "4.83781226448e-09"], ["1.7336559503e-16", "2.32453001493e-09"], ["6.89914434523e-17", "1.03815040884e-09"], ["2.66875465887e-17", "4.18926392919e-10"], ["1.00212543498e-17", "1.47774831507e-10"], ["3.64768306485e-18", "4.43892392954e-11"], ["1.2850940387e-18", "1.13195951098e-11"], ["4.37495183456e-19", "2.50670319956e-12"], ["1.43675586505e-19", "4.97469228613e-13"], ["4.54321988475e-20", "9.06167574598e-14"], ["1.38057417444e-20", "1.53438916858e-14"], ["4.02304115686e-21", "2.42637387104e-15"], ["1.12167073131e-21", "3.58380489738e-16"], ["2.98495482173e-22", "4.93381128282e-17"], ["7.56202278986e-23", "6.31039178181e-18"], ["1.81863698391e-23", "7.46895298306e-19"], ["4.13949199753e-24", "8.14481073019e-20"], ["8.88836861911e-25", "8.14383008159e-21"], ["1.79406149628e-25", "7.42731733031e-22"], ["3.39103742824e-26", "6.14368632063e-23"], ["5.97733624415e-27", "4.58088740376e-24"], ["9.78154744647e-28", "3.05839446438e-25"], ["1.47878549566e-28", "1.81512061003e-26"], ["2.05438668192e-29", "9.50050896112e-28"], ["2.60739559804e-30", "4.34773277661e-29"], ["3.0040647347e-31", "1.72426591907e-30"]], "pressures": [["0.249863341675479057250165", "0.7495900250264371195930485", "0.0005466332980838052983124448"], ["0.2498578688550708579035504", "0.7495736065652125736600755", "0.0005685245797165845926468094"], ["0.2498520938428694636245831", "0.7495562815286082880294127", "0.000591624628522196282403335"], ["0.2498459958856769585067056", "0.7495379876570307224559672", "0.0006160164572922076391911847"], ["0.249839552539469847608537", "0.7495186576184095427761406", "0.0006417898421205720761546333"], ["0.2498327395106456129333017", "0.7494982185319368896831964", "0.0006690419574175388969002612"], ["0.2498255304804356840703009", "0.7494765914413070522109024", "0.0006978780782572183581760154"], ["0.2498178969105009774494574", "0.7494536907315028827149937", "0.0007284123579960917069494092"], ["0.2498098078274688245115852", "0.7494294234824064735828182", "0.0007607686901247064440550966"], ["0.2498012295838795204968652", "0.7494036887516385126878404", "0.0007950816644819417177993384"], ["0.2497921255926773638156636", "0.7493763767780320429162953", "0.0008314976292905724845025892"], ["0.249782456032003179005789", "0.749347368096009488901056", "0.0008701758719873244920974187"], ["0.2497721775166137527956067", "0.7493165325498411629813812", "0.0009112899335450156333897802"], ["0.2497612427317635098430343", "0.7492837281952904347640845", "0.0009550290729460200296544222"], ["0.2497496000248266514111736", "0.7492488000744799073095909", "0.001001599900693406034846579"], ["0.2497371929493084934137916", "0.7492115788479253868520993", "0.001051228202766028270811002"], ["0.2497239597551850255721083", "0.7491718792655549841511826", "0.001104160979259919996676883"], ["0.2497098328187193725820793", "0.7491294984561579800873404", "0.001160668725122548421432016"], ["0.2496947380040328244837137", "0.7490842140120983822623594", "0.001221047983868700796254408"], ["0.2496785939477714859733338", "0.7490357818433144578317444", "0.00128562420891403735944976"], ["0.2496613112572390630138732", "0.7489839337717172339504855", "0.001354754971043746178944422"], ["0.2496427916114300019572003", "0.7489283748342899611669136", "0.001428833554280019979344816"], ["0.249622926753622752064025", "0.7488687802608682121916864", "0.001508292985509040527622776"], ["0.2496015973638164266640596", "0.7488047920914492361004369", "0.001593610544734325397763704"], ["0.2495786717997379205747727", "0.748736015399213761724318", "0.001685312801048334971573729"], ["0.2495540046971605623853272", "0.7486620140914815153607201", "0.001783981211357808449209434"], ["0.2495274354251849348004783", "0.7485823062755548042349292", "0.001890258299260242042127626"], ["0.2494987864022761178241735", "0.7484963592068283536376049", "0.002004854390895534766418329"], ["0.2494678612983603349257748", "0.7484035838950808370238065", "0.002128554806558715113763642"], ["0.2494344431844820403135102", "0.7483033295534459960151621", "0.00226222726207187634177892"], ["0.2493982927574179925308524", "0.748194878272253895252262", "0.002406828970328027211505447"], ["0.2493591468854290971297673", "0.7480774406562873730033915", "0.002563412458283567682710661"], ["0.2493167179343783791619733", "0.7479501538031350163108365", "0.002733128262486514493885486"], ["0.2492706947144592603514096", "0.7478120841433777807410863", "0.002917221142162961217167721"], ["0.2492207465671422298190539", "0.7476622397014265699857508", "0.003117013731431078583183648"], ["0.2491665333164745853910003", "0.7474995999494236377881023", "0.003333866734101704367504322"], ["0.2491077259196721078964402", "0.7473231777590161676954893", "0.003569096321311590694645023"], ["0.2490440462646655092625447", "0.7471321387939966047624875", "0.003823814941337931886488867"], ["0.2489753404628171832747332", "0.7469260213884514349876831", "0.004098638148731332120312222"], ["0.2489017087327680750616111", "0.7467051261983041117215079", "0.00439316506892772277868686"], ["0.2488237252175414222555437", "0.7464711756526241159344904", "0.004705099129834321912875364"], ["0.2487427847314800509169671", "0.7462283541944400414326281", "0.005028861074079785512359505"], ["0.2486615857087983813350004", "0.7459847571263950334716971", "0.005353657164806525626825741"], ["0.2485846494493873476707532", "0.7457539483481621159823351", "0.005661402202450566708411829"], ["0.2485185427394060315603787", "0.74555562821821802243342", "0.005925829042375924356532517"], ["0.2484712297697851025478057", "0.7454136893093551651629162", "0.006115080920859645297469873"], ["0.248450172667815761860105", "0.7453505180034471794045183", "0.006199309328736992086595483"], ["0.2484597835074428701072242", "0.7453793505223286447941282", "0.00616086597022851312746723"], ["0.2484998049750573761653636", "0.7454994149251720597455564", "0.006000780099770483824063027"], ["0.2485657042453778133309167", "0.745697112736133302411547", "0.005737183018488811129296171"], ["0.2486505622943791930461673", "0.7459516868831376469121928", "0.005397750822483214583316632"], ["0.2487471181683945688518551", "0.7462413545051836395532573", "0.005011527326421764558082064"], ["0.2488490970147419347514763", "0.7465472910442258699770392", "0.004603611941032238617649229"], ["0.2489517220475420359658569", "0.7468551661426261731079409", "0.004193111809831845197020458"], ["0.2490516898389502205632175", "0.7471550695168505323020436", "0.003793240644199200600819589"], ["0.249146906831293574671727", "0.7474407204938806278693725", "0.003412372674825767276268982"], ["0.2492361760883141131930392", "0.747708528264942244579482", "0.003055295646743599890050501"], ["0.2493189215859549106904412", "0.7479567647578646382151395", "0.002724313656180351082826103"], ["0.2493949760180916186278676", "0.7481849280542747634051108", "0.002420095927633553664030771"], ["0.2494644295753648638353203", "0.7483932887260944695979627", "0.002142281698540584364495465"], ["0.249527527440583695503365", "0.7485825823217511466525818", "0.001889890237665205187818323"], ["0.2495846027480708679980783", "0.7487538082442125444935094", "0.001661589007716522032177229"], ["0.2496360339472340549846497", "0.7489081018417021062011368", "0.00145586421106381041781982"], ["0.2496822183430179194608868", "0.7490466550290536714385538", "0.001271126627928340985597293"], ["0.2497235560838715383838236", "0.7491706682516145007625634", "0.001105775664513895599154266"], ["0.2497604407798605213406527", "0.749281322339581507731212", "0.0009582368805579174208203377"], ["0.2497932542917760138788304", "0.7493797628753280694636175", "0.0008269828328959563741509836"], ["0.2498223641519389734048014", "0.7494670924558170301262722", "0.0007105433922440738888795951"], ["0.2498481226751992491065322", "0.7495443680255977473167358", "0.0006075092992030458806789651"], ["0.2498708671811763639660355", "0.7496126015435289850090781", "0.0005165312752946292134859574"], ["0.2498909209197392725167527", "0.7496727627592177122190601", "0.0004363163210429628036097629"], ["0.2499085942548001746321962", "0.7497257827644004199801562", "0.000365622980799383437345219"], ["0.2499241853061396064520907", "0.7497725559184187169504576", "0.000303258775441643259071037"], ["0.2499379783139976678546808", "0.7498139349419929026391991", "0.0002480867440093659169445622"], ["0.2499502360450696677129199", "0.7498507081352090031265911", "0.0001990558197213355518046233"], ["0.2499611793638309584801816", "0.7498835380914928264532201", "0.000155282544676200191043086"], ["0.2499709446370304387555437", "0.749912833911091316280569", "0.0001162214518782874034846519"], ["0.2499795184269274244117806", "0.7499385552807823207456617", "0.00008192629229030886835310447"], ["0.2499866938148918482738545", "0.7499600814446755449163834", "0.00005322474043258893730457906"], ["0.2499921677862607689425736", "0.7499765033587822147821666", "0.00003132885495699426468548857"], ["0.2499958299348991485472242", "0.7499874898046974004617961", "0.00001668026040343328225602791"], ["0.2499979602300269951194245", "0.749993880690080807170585", "0.00000815907989209975163656398"], ["0.2499990634774792029628325", "0.7499971904324376088884975", "0.000003746090083161651275768494"], ["0.2499995897045940863369795", "0.7499987691137821728663882", "0.000001641181623697728246668401"], ["0.2499998269308314303992713", "0.7499994807924942488626764", "0.0000006922766743301123666051277"], ["0.2499999294532602796064758", "0.7499997883597807556158341", "0.0000002821869588767181516543633"], ["0.2499999721912304263188646", "0.7499999165736912789557695", "0.0000001112350783191241781364418"], ["0.2499999894071590809621869", "0.7499999682214771225157323", "4.237136371648786304716374e-8"], ["0.2499999961065610102390427", "0.7499999883196828731718495", "1.557375605105818171883344e-8"], ["0.2499999986217148139521297", "0.7499999958651444805055581", "5.513140727644239034021177e-9"], ["0.2499999995310648808276211", "0.7499999985931945287469688", "1.87574052519286854069565e-9"], ["0.2499999998470159289452187", "0.7499999995410477124860796", "6.119362527928619901660586e-10"], ["0.249999999952264375887454", "0.7499999998567930183495301", "1.90942553771130362225542e-10"], ["0.249999999985792663606788", "0.7499999999573778480186297", "5.682938585886542054806722e-11"], ["0.2499999999959787199120895", "0.7499999999879360198832428", "1.608520453574091804054539e-11"], ["0.2499999999989210576256721", "0.7499999999967631044248576", "4.315808648972526214745267e-12"], ["0.2499999999997265505134761", "0.7499999999991795175848193", "1.093843517168961659662003e-12"], ["0.2499999999999347746735276", "0.7499999999998042585171324", "2.608820492349891170310113e-13"], ["0.24999999999998543299731", "0.749999999999956234962834", "5.830625317174740362603845e-14"], ["0.2499999999999969748339414", "0.7499999999999907993923403", "1.215579604893519303453373e-14"]], "Concs": [["0.000003044984735862124272848471", "0.000009134954207586372182923447", "6.66160164839621398268247e-9", "0.0008466696007422525334045697"], ["0.000003066601078716271483390503", "0.000009199803236148814449550774", "6.977719362710437874477612e-9", "0.0008591040396058096975784842"], ["0.000003088523756546026381804139", "0.000009265571269638077874111579", "7.313313617046034995903863e-9", "0.0008708441169064202278959441"], ["0.000003110759149797895064468092", "0.000009332277449393683287647484", "7.669840071500119680394161e-9", "0.0008818920026781582799898061"], ["0.000003133313803422686495734722", "0.000009399941410268059486583741", "8.048881575286871547850816e-9", "0.000892254716974172879223939"], ["0.000003156194430898899454665656", "0.000009468583292696699006817284", "8.45216085039549617760446e-9", "0.0009019436845102052541962195"], ["0.000003179407918220124278469272", "0.000009538223754660372835407814", "8.881554594105045389272645e-9", "0.0009109742521190373402583729"], ["0.000003202961327819156252962576", "0.000009608883983457468122529029", "9.339109176004654442501002e-9", "0.0009193651842241999758552018"], ["0.000003226861902396545900789759", "0.000009680585707189637702990112", "9.827058128938686223849968e-9", "0.0009271381503902869009690738"], ["0.000003251117068615590522484512", "0.000009753351205846770932294652", "1.034784166053339155847484e-8", "0.0009343172174723759933676939"], ["0.00000327573444061907286533525", "0.000009827203321857217959581881", "1.090412844319094756997673e-8", "0.0009409283571004115765224846"], ["0.000003300721823315332180707643", "0.000009902165469945995906295419", "1.14988399762672337229396e-8", "0.0009469989773194221622650736"], ["0.000003326087215372255080255792", "0.000009978261646116763970302373", "1.213517785526731690331217e-8", "0.0009525574852714158143928624"], ["0.000003351838811847382305395773", "0.00001005551643554214564442448", "1.281665433007549996052261e-8", "0.0009576328859388205136746654"], ["0.000003377985006370269633459098", "0.00001013395501911080826570828", "1.354712658834267132941253e-8", "0.0009622544202405811127691462"], ["0.000003404534392779367804665828", "0.00001021360317833810214087114", "1.433083526210306137255125e-8", "0.000966451244227981861526226"], ["0.000003431495766099691982014723", "0.00001029448729829907467409215", "1.517244772643100678339366e-8", "0.0009702521497963095484741202"], ["0.000003458878122729291530993346", "0.00001037663436818787268618549", "1.607710683934880686176123e-8", "0.0009736853262225377551736004"], ["0.000003486690659681822316064719", "0.00001046007197904546567485105", "1.705048586290015409258044e-8", "0.0009767781609568010598996416"], ["0.000003514942772709344954994833", "0.00001054482831812803486374203", "1.80988504064062484061642e-8", "0.0009795570774248673195862813"], ["0.000003543644053104122353860866", "0.0000106309321593123676990103", "1.922912834342176336930447e-8", "0.0009820474071213089106261358"], ["0.000003572804282951422681741295", "0.00001071841284885426740542533", "2.044898877073215471746678e-8", "0.0009842732929654229305980779"], ["0.000003602433428578871942748095", "0.00001080730028573661519325265", "2.176693119399113642817453e-8", "0.0009862576207288484726248142"], ["0.000003632541631925248375198742", "0.00001089762489577574448682395", "2.319238622653820330540762e-8", "0.0009880219752996628334329352"], ["0.00000366313919953923649643011", "0.00001098941759861770948929033", "2.473582914953195551931145e-8", "0.0009895866185979141157826611"], ["0.000003694236588928581917317163", "0.0000110827097667857432088052", "2.640890765490543246739257e-8", "0.0009909704860794083849428632"], ["0.000003725844392034030402542694", "0.00001117753317610209120514189", "2.822458489101163776000017e-8", "0.0009921911989379242871453958"], ["0.000003757973315739427409903956", "0.00001127391994721828223219839", "3.019729839800018476251684e-8", "0.0009932650893233929810897449"], ["0.000003790634159619554621997552", "0.00001137190247885866131699812", "3.234313437558976910901676e-8", "0.0009942072361201987262879214"], ["0.000003823837791696530389522821", "0.00001147151337508958925345867", "3.468001446664193013274026e-8", "0.000995031509063419688254652"], ["0.000003857595124050188139241613", "0.0000115727853721505631441174", "3.722788796068844189914569e-8", "0.0009957506192016475002033838"], ["0.000003891917092115495035877426", "0.00001167575127634648638143865", "4.000891439173664203157413e-8", "0.0009963761739351114317186357"], ["0.000003926814645135842634388496", "0.00001178044393540752599462082", "4.304760698394713472995854e-8", "0.0009969187350610943740817194"], ["0.000003962298761848578977067121", "0.00001188689628554573692622378", "4.637088099293651137150233e-8", "0.0009973878784407997213559322"], ["0.000003998380517426787552189365", "0.00001199514155228036073982493", "5.000790322625951874632172e-8", "0.0009977922540611955237994886"], ["0.000004035071249163902982518403", "0.00001210521374749170703039766", "5.39895532046891079483505e-8", "0.0009981396454050705215230451"], ["0.000004072382906498263010087116", "0.0000122171487194947864800931", "5.834715401497446134269347e-8", "0.0009984370271764878446789571"], ["0.000004110328737157985783865628", "0.00001233098621147395862202257", "6.310986620516265698384836e-8", "0.0009986906205952168989428376"], ["0.000004148924571273278914319005", "0.00001244677371381983482932154", "6.829969784324493309526425e-8", "0.0009989059457636332559274818"], ["0.000004188191132949953228297907", "0.00001256457339884985777568187", "7.392241331305197039069852e-8", "0.0009990878712199811870019455"], ["0.000004228158016782308208161543", "0.00001268447405034692206145683", "7.995179152700018527843033e-8", "0.0009992406620993935439182754"], ["0.000004268870080281078069259898", "0.00001280661024084323229735947", "8.630423029236313323244031e-8", "0.0009993680308954685744962199"], ["0.000004310396583023082213878956", "0.00001293118974906924472560961", "9.280237429549448698717548e-8", "0.0009994731990048545182265583"], ["0.000004352841518487369595906978", "0.00001305852455546211006546345", "9.91339835917748302484083e-8", "0.0009995589815346803690937107"], ["0.000004396349334795577120593022", "0.0000131890480043867300837006", "0.000000104829258538987890816638", "0.0009996279055424496387653272"], ["0.000004441095448758259464102107", "0.00001332328634627477584565532", "0.0000001092990044424076624839661", "0.0009996823508362373314480098"], ["0.000004487253562225135737978153", "0.00001346176068667540529629553", "0.0000001119656008688059581463898", "0.0009997246622774921314140478"], ["0.000004534949064743108512393189", "0.0000136048471942293261663793", "0.0000001124496406431847806500173", "0.0009997571636173835450339618"], ["0.000004584226575195490304699831", "0.0000137526797255864696458167", "0.0000001107000289518667705097311", "0.0009997820566212898476006258"], ["0.000004635052917126156072636918", "0.00001390515875137846565240736", "0.0000001069823649512086778376327", "0.0009998012775689415479045478"], ["0.000004687348480024027021702021", "0.00001406204544007208234271793", "0.0000001017537981006491214145144", "0.0009998164028165113662919579"], ["0.000004741023614855633771077829", "0.00001422307084456690003619548", "9.551776750625601475983119e-8", "0.0009998286363197447511715619"], ["0.000004796003667593380770870635", "0.00001438801100278014357926661", "8.872421084999690575769621e-8", "0.0009998388556343647090490006"], ["0.000004852239805640246297686628", "0.00001455671941692074016405472", "8.172662500916882104578351e-8", "0.0009998476799838873124027478"], ["0.000004909710007446350041658196", "0.00001472913002233904757427662", "7.477849904780857174293994e-8", "0.0009998555364321148031876067"], ["0.000004968415359162731763584301", "0.00001490524607748819337344108", "6.804854623489981030280799e-8", "0.0009998627144409060628547912"], ["0.000005028375087260797336904133", "0.00001508512526178239009408132", "6.16410216021694666541619e-8", "0.0009998694073245924029383946"], ["0.000005089622004476047029099053", "0.0000152688660134281391713074", "5.561441804492072836839852e-8", "0.0009998757423788259696499499"], ["0.000005152198940376090984336826", "0.00001545659682112827104251655", "4.99962584372893498680501e-8", "0.0009998818022082778179940588"], ["0.000005216156187020750086782296", "0.00001564846856106224771132152", "4.479386482154926625193081e-8", "0.0009998876395628712331085958"], ["0.000005281549787552379343454563", "0.00001584464936265713930335165", "4.000179653771762351636063e-8", "0.0009998932875256911654492939"], ["0.000005348440457084295008785568", "0.00001604532137125288375129372", "3.560680336073450151195813e-8", "0.0009998987664383827550103749"], ["0.00000541689295162485045970088", "0.0000162506788548745501042158", "3.159103459038833744333676e-8", "0.000999904088575302786310027"], ["0.000005486975744222993795674775", "0.00001646092723266897947635481", "2.793407164340748596075604e-8", "0.0009999092612927239078367143"], ["0.000005558760908576182730651295", "0.00001667628272572854564569595", "2.461418792022273106787622e-8", "0.0009999142891714082702655671"], ["0.000005632324143016772927061563", "0.00001689697242905031751177739", "2.160910951407415291644606e-8", "0.0009999191755244059197630744"], ["0.000005707744891713158966267264", "0.00001712323467513947753464818", "1.889645520404181762039424e-8", "0.0009999239235437748352354828"], ["0.000005785106536583300303894424", "0.00001735531960974990345689922", "1.64539681503344700927308e-8", "0.0009999285373002358559283247"], ["0.000005864496644562584593718904", "0.00001759348993368775378108956", "1.425960783122777810550761e-8", "0.0009999330227818769638127437"], ["0.000005946007261798851298538803", "0.00001783802178539655135205082", "1.229154382219816638512e-8", "0.0009999373891570897905975302"], ["0.000006029735249528613483875696", "0.0000180892057485858379100412", "1.052808117739654657225633e-8", "0.0009999416504665432956757218"], ["0.000006115782654888938307043894", "0.00001834734796466681237808062", "8.947554168232494593532295e-9", "0.0009999458279716110687208687"], ["0.000006204257100320681086959618", "0.00001861277130096204071869991", "7.528264655394075609880504e-9", "0.0009999499533578408536205541"], ["0.000006295272149758166195188237", "0.00001888581644927449604353664", "6.248644487010633648875967e-9", "0.0009999540727551900548313644"], ["0.000006388947555096617560616106", "0.00001916684266528985268153728", "5.088041575232053390257285e-9", "0.0009999582506845831886621233"], ["0.000006485409191917079025477986", "0.00001945622757575123580542521", "4.02890898958938493157152e-9", "0.0009999625706594222538740596"], ["0.000006584788405393669059928494", "0.00001975436521618100718015263", "3.06153049066325502093977e-9", "0.0009999671238143977313691642"], ["0.000006687220687737042325198345", "0.00002006166206321112824654713", "2.191616337694051000948277e-9", "0.0009999719689843873203243614"], ["0.000006792844818289224451786526", "0.0000203785344548676733579361", "1.446266586172848352226181e-9", "0.0009999770502733917131434119"], ["0.000006901805815404713733429817", "0.00002070541744621413865908767", "8.649297905885725073624822e-10", "0.0009999821106514021155443302"], ["0.000007014263544611689539509772", "0.00002104279063383506735089393", "4.680067763246274331623847e-10", "0.0009999867341019158958444361"], ["0.000007130399587773604943087411", "0.00002139119876332080974702308", "2.32711898311930063231322e-10", "0.0009999905684315270025172934"], ["0.000007250414269268935413779831", "0.00002175124280780680624133949", "1.086432269590034740022624e-10", "0.0009999935017042523498363555"], ["0.000007374520011751407262263893", "0.00002212356003525421924568866", "4.841178636004440064395488e-11", "0.0009999956251949084783805546"], ["0.000007502939171338073655714045", "0.00002250881751401421969658941", "2.077645349199432980290335e-11", "0.0009999971092037034202066031"], ["0.000007635905781731123652180791", "0.00002290771734519336841520246", "8.61901455543692579675612e-12", "0.000999998121656281317266438"], ["0.000007773668297438294398604449", "0.00002332100489231488319578771", "3.458818792311744706625655e-12", "0.0009999987994151758165488416"], ["0.000007916492144650044860205574", "0.00002374947643395013076895769", "1.341730328929688115553953e-12", "0.00099999924540323748875251"], ["0.00000806466199983468886663316", "0.00002419398599950406151770172", "5.023883223027309787497548e-13", "0.0009999995339540119285543128"], ["0.000008218483973522714983709418", "0.00002465545192056814622167857", "1.812386358548722590032687e-13", "0.0009999997174227677867286018"], ["0.000008378287859038620406171717", "0.00002513486357711585740686689", "6.286197639363329752163525e-14", "0.0009999998319697119087952543"], ["0.000008544429555427106650322804", "0.00002563328866628131740986953", "2.0914584830400966626911e-14", "0.0009999999021226780104087161"], ["0.000008717293740854231130266702", "0.00002615188122256268957915184", "6.658009316678485611821465e-15", "0.0009999999442199425768054058"], ["0.000008897296857640335227186753", "0.00002669189057292100059936257", "2.022511665009791652468445e-15", "0.0009999999689407849218726156"], ["0.000009084890466454715295517144", "0.00002725467139936414080435375", "5.845292853603094682503251e-16", "0.0009999999831275206971098564"], ["0.000009280565030456811576748901", "0.00002784169509137043218914786", "1.602125713038813748211467e-16", "0.000999999991072056662990587"], ["0.000009484854197824470348027872", "0.00002845456259347340596188593", "4.149978510237782878397062e-17", "0.0009999999954063893984289072"], ["0.000009698339662092265500203826", "0.00002909501898627679395951264", "1.012049090089704894772062e-17", "0.0009999999977061478960200115"], ["0.000009921656693787189151445448", "0.0000297649700813615649132375", "2.313978508284607453524171e-18", "0.0009999999988906011953995522"], ["0.00001015550045424728785118945", "0.00003046650136274185847137065", "4.937927691868009342733946e-19", "0.000999999999481202458816531"]], "net_rates": [["5.54830182047e-10", "1.10966036409e-09"], ["5.8114621765e-10", "1.1622924353e-09"], ["6.0908245324e-10", "1.21816490648e-09"], ["6.3875985271e-10", "1.27751970542e-09"], ["6.70309933168e-10", "1.34061986634e-09"], ["7.0387581508e-10", "1.40775163017e-09"], ["7.39613389538e-10", "1.47922677908e-09"], ["7.77692617087e-10", "1.55538523417e-09"], ["8.18298974506e-10", "1.63659794901e-09"], ["8.61635068134e-10", "1.72327013627e-09"], ["9.07922434914e-10", "1.81584486983e-09"], ["9.57403555215e-10", "1.91480711043e-09"], ["1.01034410486e-09", "2.02068820972e-09"], ["1.0670354776e-09", "2.13407095521e-09"], ["1.12779761372e-09", "2.25559522743e-09"], ["1.19298217533e-09", "2.38596435067e-09"], ["1.26297611493e-09", "2.52595222985e-09"], ["1.33820568979e-09", "2.67641137957e-09"], ["1.41914098267e-09", "2.83828196535e-09"], ["1.50630099684e-09", "3.01260199368e-09"], ["1.60025940257e-09", "3.20051880514e-09"], ["1.70165102148e-09", "3.40330204297e-09"], ["1.81117914403e-09", "3.62235828807e-09"], ["1.9296237834e-09", "3.85924756681e-09"], ["2.05785097321e-09", "4.11570194641e-09"], ["2.19682321324e-09", "4.39364642648e-09"], ["2.34761114946e-09", "4.69522229892e-09"], ["2.51140652876e-09", "5.02281305752e-09"], ["2.68953637239e-09", "5.37907274479e-09"], ["2.88347812273e-09", "5.76695624547e-09"], ["3.09487516153e-09", "6.18975032305e-09"], ["3.32555143932e-09", "6.65110287864e-09"], ["3.57752275345e-09", "7.1550455069e-09"], ["3.8530000296e-09", "7.7060000592e-09"], ["4.15437602175e-09", "8.3087520435e-09"], ["4.48417977594e-09", "8.96835955188e-09"], ["4.84497066759e-09", "9.68994133519e-09"], ["5.23912208379e-09", "1.04782441676e-08"], ["5.66840873067e-09", "1.13368174613e-08"], ["6.13325670033e-09", "1.22665134007e-08"], ["6.63144767523e-09", "1.32628953505e-08"], ["7.15603249776e-09", "1.43120649955e-08"], ["7.692348992e-09", "1.5384697984e-08"], ["8.21465881182e-09", "1.64293176236e-08"], ["8.68430980963e-09", "1.73686196193e-08"], ["9.0528912079e-09", "1.81057824158e-08"], ["9.27298066353e-09", "1.85459613271e-08"], ["9.31342462609e-09", "1.86268492522e-08"], ["9.16997540672e-09", "1.83399508134e-08"], ["8.86434073414e-09", "1.77286814683e-08"], ["8.43395876718e-09", "1.68679175344e-08"], ["7.92012205077e-09", "1.58402441015e-08"], ["7.35980256254e-09", "1.47196051251e-08"], ["6.78211392211e-09", "1.35642278442e-08"], ["6.20799317529e-09", "1.24159863506e-08"], ["5.65142740977e-09", "1.13028548195e-08"], ["5.12110530942e-09", "1.02422106188e-08"], ["4.62194321406e-09", "9.24388642812e-09"], ["4.15629623418e-09", "8.31259246837e-09"], ["3.72484240674e-09", "7.44968481349e-09"], ["3.32719501144e-09", "6.65439002288e-09"], ["2.96231146922e-09", "5.92462293844e-09"], ["2.62875909957e-09", "5.25751819915e-09"], ["2.32488408155e-09", "4.64976816311e-09"], ["2.04891668448e-09", "4.09783336895e-09"], ["1.79903522427e-09", "3.59807044854e-09"], ["1.57340342272e-09", "3.14680684543e-09"], ["1.37019043277e-09", "2.74038086554e-09"], ["1.1875791872e-09", "2.37515837441e-09"], ["1.02376651109e-09", "2.04753302219e-09"], ["8.76957467261e-10", "1.75391493452e-09"], ["7.45356994373e-10", "1.49071398875e-09"], ["6.27165194601e-10", "1.2543303892e-09"], ["5.20591222136e-10", "1.04118244427e-09"], ["4.23919081042e-10", "8.47838162085e-10"], ["3.35690288957e-10", "6.71380577914e-10"], ["2.55097893041e-10", "5.10195786082e-10"], ["1.8261973345e-10", "3.652394669e-10"], ["1.20515801092e-10", "2.41031602184e-10"], ["7.20752245148e-11", "1.4415044903e-10"], ["3.8999914165e-11", "7.799982833e-11"], ["1.93924999677e-11", "3.87849999354e-11"], ["9.0535683311e-12", "1.81071366622e-11"], ["4.03430890897e-12", "8.06861781794e-12"], ["1.73136992575e-12", "3.46273985149e-12"], ["7.18251010321e-13", "1.43650202054e-12"], ["2.88234867332e-13", "5.76469734595e-13"], ["1.1181085603e-13", "2.23621712013e-13"], ["4.18656928889e-14", "8.37313857464e-14"], ["1.51032195813e-14", "3.02064391426e-14"], ["5.23849802918e-15", "1.0476996046e-14"], ["1.74288207184e-15", "3.48576413627e-15"], ["5.54834111753e-16", "1.10966821923e-15"], ["1.68542639921e-16", "3.37085277482e-16"], ["4.87107744008e-17", "9.74215475585e-17"], ["1.33510479187e-17", "2.67020952172e-17"], ["3.45831557012e-18", "6.91663085039e-18"], ["8.43374303974e-19", "1.68674848348e-18"], ["1.92831566004e-19", "3.85663084714e-19"], ["4.11985037432e-20", "8.22987948645e-20"]], "T": [1000.0, 992.929292929293, 985.8585858585859, 978.7878787878788, 971.7171717171717, 964.6464646464647, 957.5757575757576, 950.5050505050505, 943.4343434343434, 936.3636363636364, 929.2929292929293, 922.2222222222222, 915.1515151515151, 908.0808080808081, 901.010101010101, 893.939393939394, 886.8686868686868, 879.7979797979798, 872.7272727272727, 865.6565656565656, 858.5858585858585, 851.5151515151515, 844.4444444444445, 837.3737373737374, 830.3030303030303, 823.2323232323232, 816.1616161616162, 809.0909090909091, 802.0202020202021, 794.9494949494949, 787.8787878787879, 780.8080808080808, 773.7373737373737, 766.6666666666666, 759.5959595959596, 752.5252525252525, 745.4545454545455, 738.3838383838383, 731.3131313131313, 724.2424242424242, 717.1717171717171, 710.1010101010102, 703.030303030303, 695.959595959596, 688.8888888888889, 681.8181818181818, 674.7474747474747, 667.6767676767677, 660.6060606060606, 653.5353535353536, 646.4646464646464, 639.3939393939394, 632.3232323232323, 625.2525252525252, 618.1818181818182, 611.1111111111111, 604.040404040404, 596.969696969697, 589.8989898989898, 582.8282828282828, 575.7575757575758, 568.6868686868686, 561.6161616161617, 554.5454545454545, 547.4747474747475, 540.4040404040404, 533.3333333333333, 526.2626262626263, 519.1919191919192, 512.1212121212121, 505.050505050505, 497.979797979798, 490.9090909090909, 483.83838383838383, 476.7676767676768, 469.69696969696963, 462.6262626262626, 455.55555555555554, 448.4848484848485, 441.41414141414134, 434.3434343434343, 427.27272727272725, 420.2020202020202, 413.13131313131316, 406.060606060606, 398.98989898989896, 391.9191919191919, 384.8484848484849, 377.7777777777777, 370.70707070707067, 363.6363636363636, 356.5656565656566, 349.4949494949494, 342.4242424242424, 335.35353535353534, 328.2828282828283, 321.21212121212125, 314.14